6585	1.02875
6586	1.03069
6588	1.03614
6590	1.04472
6592	1.03636
6594	1.03648
6595	1.03475
6597	1.03577
6599	1.03234
6601	1.02947
6603	1.03247
6604	1.03571
6606	1.03393
6608	1.03453
6610	1.02859
6612	1.03300
6614	1.02951
6616	1.02768
6618	1.03623
6620	1.03117
6622	1.03656
6623	1.03127
6625	1.03659
6627	1.03473
6629	1.03078
6630	1.03076
6632	1.03870
6634	1.03536
6636	1.02984
6638	1.03902
6639	1.03746
6641	1.03381
6643	1.03194
6645	1.03338
6647	1.03128
6648	1.03449
6650	1.03130
6652	1.03399
6654	1.03131
6657	1.03369
6658	1.02984
6660	1.03100
6662	1.03414
6664	1.03416
6666	1.03255
6667	1.02989
6669	1.03221
6671	1.02989
6673	1.03250
6675	1.03176
6676	1.03074
6678	1.03233
6680	1.03145
6682	1.02938
6684	1.03022
6685	1.03337
6687	1.03549
6689	1.03403
6691	1.03593
6693	1.03345
6694	1.03181
6696	1.03467
6699	1.03372
6701	1.02891
6703	1.03717
6704	1.03025
6706	1.03396
6708	1.03603
6710	1.03527
6711	1.03476
6713	1.03104
6715	1.03437
6717	1.03615
6719	1.03269
6720	1.03318
6722	1.03084
6724	1.03668
6726	1.03308
6728	1.03162
6729	1.02527
6731	1.03211
6733	1.03448
6735	1.03410
6737	1.02890
6738	1.03187
6740	1.03517
6743	1.03882
6745	1.03493
6747	1.03304
6748	1.03963
6750	1.03158
6752	1.03942
6754	1.03436
6756	1.03587
6757	1.02903
6759	1.03456
6761	1.03466
6763	1.03259
6765	1.03869
6766	1.03822
6768	1.02912
6770	1.03781
6772	1.02551
6774	1.03832
6775	1.03455
6777	1.03528
6779	1.03012
6781	1.02658
6784	1.02722
6785	1.03610
6787	1.03358
6789	1.02492
6791	1.03759
6792	1.02875
6794	1.03347
6796	1.02868
6798	1.02973
6800	1.02748
6801	1.02760
6803	1.03169
6805	1.03002
6807	1.03787
6809	1.03486
6810	1.03555
6812	1.03811
6814	1.03071
6816	1.02991
6818	1.03030
6819	1.03024
6821	1.03398
6823	1.02994
6825	1.03327
6828	1.03339
6829	1.03185
6831	1.03053
6833	1.02809
6835	1.03091
6837	1.03427
6838	1.03215
6840	1.03194
6842	1.03622
6844	1.03229
6846	1.03150
6847	1.03198
6849	1.03296
6851	1.04080
6853	1.03250
6854	1.03604
6856	1.02760
6858	1.03053
6860	1.03255
6862	1.03770
6863	1.03192
6865	1.03027
6867	1.03385
6870	1.02975
6872	1.03631
6873	1.03146
6875	1.03334
6877	1.03431
6879	1.03620
6881	1.03306
6882	1.03341
6884	1.03552
6886	1.03013
6888	1.03001
6890	1.03811
6891	1.02413
6893	1.02350
6895	1.03521
6897	1.03253
6899	1.03621
6900	1.03212
6902	1.03104
6904	1.03605
6906	1.03808
6908	1.02919
6909	1.02898
6912	1.04050
6914	1.02891
6916	1.02494
6918	1.02947
6919	1.04046
6921	1.03257
6923	1.03123
6925	1.03936
6926	1.03202
6928	1.03052
6930	1.02781
6932	1.03516
6934	1.02831
6935	1.03027
6937	1.03013
6939	1.03436
6941	1.03144
6943	1.02968
6944	1.03012
6946	1.03872
6948	1.02910
6950	1.03935
6952	1.03796
6953	1.03307
6956	1.03648
6958	1.03485
6960	1.02618
6962	1.03339
6963	1.02829
6965	1.02835
6967	1.03512
6969	1.03843
6971	1.02990
6972	1.02958
6974	1.02999
6976	1.02816
6978	1.03112
6980	1.02981
6981	1.03429
6983	1.03781
6985	1.03190
6987	1.03281
6989	1.02618
6990	1.02787
6992	1.03362
6994	1.03197
6996	1.03720
6999	1.03415
7000	1.03117
7002	1.03608
7004	1.02705
7006	1.03033
7007	1.03442
7009	1.03257
7011	1.02998
7013	1.03541
7015	1.03500
7016	1.03269
7018	1.02874
7020	1.02726
7022	1.02748
7024	1.03351
7025	1.03278
7027	1.03237
7029	1.03159
7031	1.03059
7033	1.03410
7034	1.03248
7036	1.03730
7038	1.02608
7041	1.03351
7043	1.02970
7044	1.03928
7046	1.03839
7048	1.03424
7050	1.03272
7052	1.03503
7053	1.03101
7055	1.03292
7057	1.03346
7059	1.03161
7061	1.03261
7062	1.03612
7064	1.04558
7066	1.06663
7068	1.06711
7070	1.05684
7071	1.03684
7073	1.04528
7075	1.03685
7077	1.04044
7079	1.03227
7080	1.03673
7083	1.03525
7085	1.03932
7087	1.03135
7089	1.03768
7090	1.02974
7092	1.03287
7094	1.02780
7096	1.03548
7098	1.02997
7099	1.03232
7101	1.02745
7103	1.02956
7105	1.03153
7107	1.03607
7108	1.03088
7110	1.03163
7112	1.02899
7114	1.03192
7116	1.03662
7117	1.03636
7119	1.03199
7121	1.02981
7123	1.02416
7126	1.03452
7127	1.03260
7129	1.03113
7131	1.03882
7133	1.04937
7135	1.07129
7136	1.06057
7138	1.06248
7140	1.06177
7142	1.06296
7144	1.05896
7145	1.05751
7147	1.06666
7149	1.06146
7151	1.08402
7153	1.06388
7154	1.07853
7156	1.06425
7158	1.05871
7160	1.08658
7161	1.06130
7163	1.08378
7165	1.09551
7168	1.08723
7170	1.05960
7171	1.06830
7173	1.03738
7175	1.07928
7177	1.05659
7179	1.04977
7180	1.01486
7182	1.04586
7184	1.03430
7186	1.04062
7188	1.02633
7189	1.04255
7191	1.05526
7193	1.06839
7195	1.08654
7197	1.10250
7198	1.10902
7200	1.14158
7202	1.12190
7204	1.16081
7206	1.19497
7207	1.20545
7209	1.22209
7212	1.24418
7214	1.24313
7216	1.25835
7217	1.25400
7219	1.21481
7221	1.12511
7223	1.04278
7225	1.04383
7226	1.04533
7228	1.06353
7230	1.10097
7232	1.10585
7234	1.09380
7235	1.09577
7237	1.10691
7239	1.12278
7241	1.13768
7243	1.16291
7244	1.12551
7246	1.12316
7248	1.11485
7250	1.11819
7252	1.08647
7254	1.08836
7256	1.08585
7258	1.05964
7260	1.05674
7262	1.04642
7263	1.05431
7265	1.04450
7267	1.03432
7269	1.04353
7271	1.07514
7272	1.03875
7274	1.05324
7276	1.07154
7278	1.09517
7280	1.06634
7281	1.11008
7283	1.11516
7285	1.11189
7287	1.11170
7289	1.08977
7290	1.08515
7292	1.06756
7294	1.04384
7297	1.03767
7299	1.03400
7300	1.02817
7302	1.02726
7304	1.02556
7306	1.02740
7308	1.02934
7309	1.03189
7311	1.04370
7313	1.04524
7315	1.04118
7317	1.05344
7318	1.03579
7320	1.03638
7322	1.03232
7324	1.03226
7326	1.02683
7327	1.03401
7329	1.03501
7331	1.02610
7333	1.02406
7335	1.03586
7336	1.02720
7339	1.03970
7341	1.04442
7343	1.05040
7345	1.04935
7346	1.05048
7348	1.06728
7350	1.05821
7352	1.07652
7354	1.07204
7355	1.06909
7357	1.06963
7359	1.05116
7361	1.04416
7363	1.03208
7364	1.03338
7366	1.05433
7368	1.07066
7370	1.08746
7372	1.10036
7373	1.09559
7375	1.09272
7377	1.10558
7379	1.11028
7382	1.12463
7383	1.11209
7385	1.12670
7387	1.11841
7389	1.13037
7391	1.13974
7392	1.14179
7394	1.15828
7396	1.17212
7398	1.13808
7400	1.12910
7401	1.17000
7403	1.15488
7405	1.15943
7407	1.11207
7409	1.07005
7410	1.08011
7412	1.06998
7414	1.09393
7416	1.05347
7418	1.05976
7419	1.03954
7421	1.06797
7424	1.02699
7426	1.01303
7428	1.05824
7429	1.03183
7431	1.07032
7433	1.06157
7435	1.08563
7436	1.12741
7438	1.06661
7440	1.10200
7442	1.08822
7444	1.13223
7445	1.10773
7447	1.17424
7449	1.14792
7451	1.13465
7453	1.19421
7454	1.27668
7456	1.26142
7458	1.18716
7460	1.14372
7462	1.07101
7463	1.01982
7465	1.01829
7468	1.02038
7470	1.03495
7472	1.06570
7473	1.13022
7475	1.19192
7477	1.18534
7479	1.19825
7481	1.16257
7483	1.14262
7484	1.13432
7486	1.10941
7488	1.10219
7490	1.10167
7492	1.08394
7493	1.05206
7495	1.05366
7497	1.06386
7499	1.04274
7500	1.03828
7502	1.04001
7504	1.01509
7506	1.04480
7508	1.04545
7510	1.07369
7512	1.07801
7514	1.09824
7516	1.10737
7518	1.15014
7520	1.14784
7521	1.20064
7523	1.21724
7525	1.23974
7527	1.23534
7529	1.23393
7530	1.23445
7532	1.18930
7534	1.14018
7536	1.08571
7538	1.05393
7539	1.04533
7541	1.04790
7543	1.06083
7545	1.07166
7547	1.12360
7548	1.14146
7550	1.16423
7553	1.21085
7555	1.24394
7557	1.28026
7558	1.21093
7560	1.16008
7562	1.18483
7564	1.19211
7566	1.12054
7567	1.05251
7569	1.06287
7571	1.04947
7573	1.03432
7575	1.02403
7576	1.04653
7578	1.06248
7580	1.07411
7582	1.12978
7584	1.11950
7585	1.17859
7587	1.20378
7589	1.19058
7591	1.20805
7593	1.19514
7595	1.16671
7597	1.09901
7599	1.05750
7601	1.02984
7603	1.03219
7604	1.03934
7606	1.06069
7608	1.11853
7610	1.16714
7612	1.15970
7613	1.15028
7615	1.20147
7617	1.22252
7619	1.25266
7621	1.23783
7622	1.22718
7624	1.21870
7626	1.21622
7628	1.19982
7630	1.18394
7631	1.17989
7633	1.16306
7635	1.13260
7638	1.09370
7640	1.12243
7641	1.05052
7643	1.05830
7645	1.01214
7647	1.06691
7649	1.02033
7650	1.02228
7652	1.08353
7654	1.06593
7656	1.12706
7658	1.13453
7659	1.14476
7661	1.19953
7663	1.20440
7665	1.28749
7667	1.27942
7668	1.33760
7670	1.38949
7672	1.40119
7674	1.41920
7676	1.42277
7677	1.37978
7680	1.34459
7682	1.31080
7684	1.27357
7686	1.14630
7687	1.05476
7689	1.04506
7691	1.04804
7693	1.05889
7694	1.12304
7696	1.14793
7698	1.17083
7700	1.19635
7702	1.21924
7704	1.25936
7705	1.26358
7707	1.24781
7709	1.20038
7711	1.17835
7712	1.14217
7714	1.12585
7716	1.11199
7718	1.08614
7720	1.06611
7723	1.03145
7724	1.06116
7726	1.02412
7728	1.05182
7730	1.02695
7732	1.03245
7733	1.05876
7735	1.07088
7737	1.07956
7739	1.08285
7740	1.14546
7742	1.12637
7744	1.13549
7746	1.12831
7748	1.17791
7750	1.15277
7751	1.13509
7753	1.12108
7755	1.10961
7757	1.08296
7758	1.05264
7760	1.03073
7762	1.02770
7764	1.02180
7767	1.02506
7768	1.02892
7770	1.02847
7772	1.03807
7774	1.04043
7776	1.04627
7777	1.06592
7779	1.05408
7781	1.07105
7783	1.07322
7785	1.07942
7786	1.06247
7788	1.06856
7790	1.04798
7792	1.04622
7794	1.04949
7795	1.06184
7797	1.04570
7799	1.04652
7801	1.04485
7803	1.04397
7804	1.02385
7806	1.05269
7809	1.03392
7811	1.02839
7813	1.03424
7814	1.03836
7816	1.04877
7818	1.03716
7820	1.06272
7822	1.08371
7823	1.12225
7825	1.15683
7827	1.16564
7829	1.17914
7831	1.21211
7832	1.22953
7834	1.25266
7836	1.21110
7838	1.09137
7840	1.05018
7841	1.04982
7843	1.06559
7845	1.18749
7847	1.27916
7849	1.30422
7851	1.30282
7853	1.30129
7855	1.37778
7857	1.37677
7859	1.39654
7860	1.39774
7862	1.36854
7864	1.34224
7866	1.36691
7868	1.36365
7869	1.33717
7871	1.26857
7873	1.27063
7875	1.19589
7877	1.19856
7878	1.12281
7880	1.07039
7882	1.04655
7884	1.04303
7886	1.05656
7887	1.00482
7889	1.07929
7891	1.07942
7894	1.13250
7896	1.14627
7897	1.19239
7899	1.17882
7901	1.17757
7903	1.19741
7905	1.27498
7906	1.24791
7908	1.29174
7910	1.27367
7912	1.29881
7914	1.30177
7915	1.30791
7917	1.28494
7919	1.26812
7921	1.20943
7923	1.13775
7924	1.08375
7926	1.03385
7928	1.02071
7930	1.02140
7932	1.02469
7933	1.05865
7936	1.09099
7938	1.16821
7940	1.23052
7942	1.21059
7943	1.21813
7945	1.19352
7947	1.16403
7949	1.13478
7951	1.09794
7952	1.07885
7954	1.08260
7956	1.07921
7958	1.07322
7960	1.05825
7961	1.06477
7963	1.05816
7965	1.03512
7967	1.05597
7969	1.02427
7970	1.05881
7972	1.02756
7974	1.03755
7976	1.04112
7979	1.06356
7980	1.02993
7982	1.06549
7984	1.05678
7986	1.12074
7988	1.08521
7989	1.11803
7991	1.13158
7993	1.15553
7995	1.18567
7997	1.17321
7998	1.22298
8000	1.25130
8002	1.26927
8004	1.26407
8006	1.24552
8007	1.22718
8009	1.21807
8011	1.16013
8013	1.07835
8015	1.04410
8016	1.03659
8018	1.05142
8020	1.06890
8023	1.12202
8025	1.20266
8026	1.20417
8028	1.18020
8030	1.18679
8032	1.20623
8034	1.19003
8035	1.18738
8037	1.12933
8039	1.11565
8041	1.07761
8043	1.06587
8044	1.05644
8046	1.04260
8048	1.05140
8050	1.01946
8052	1.03820
8053	1.04775
8055	1.06335
8057	1.05212
8059	1.05935
8061	1.08093
8062	1.07999
8065	1.09546
8067	1.10284
8069	1.11927
8071	1.12305
8072	1.12168
8074	1.12375
8076	1.13798
8078	1.09024
8080	1.07680
8081	1.06895
8083	1.04088
8085	1.02722
8087	1.03101
8089	1.02613
8090	1.02482
8092	1.03840
8094	1.07491
8096	1.12019
8098	1.13667
8099	1.13075
8101	1.14238
8103	1.14852
8105	1.14716
8108	1.10506
8109	1.08098
8111	1.09225
8113	1.08186
8115	1.06469
8117	1.09091
8118	1.08453
8120	1.07307
8122	1.06110
8124	1.06895
8126	1.03029
8127	1.06893
8129	1.04588
8131	1.01526
8133	1.04059
8135	1.04854
8136	1.02775
8138	1.06248
8140	1.04010
8142	1.06750
8143	1.07314
8145	1.07573
8147	1.09589
8150	1.12100
8152	1.12440
8153	1.17357
8155	1.20789
8157	1.23514
8159	1.23325
8161	1.21943
8162	1.24710
8164	1.25697
8166	1.23657
8168	1.19935
8170	1.13892
8172	1.08874
8173	1.05191
8175	1.04066
8177	1.04568
8179	1.05649
8181	1.09583
8182	1.18137
8184	1.23858
8186	1.27843
8188	1.38596
8190	1.38888
8192	1.36162
8194	1.30859
8196	1.28059
8198	1.23978
8200	1.24062
8201	1.22462
8203	1.16356
8205	1.13416
8207	1.16706
8209	1.12024
8210	1.10329
8212	1.08539
8214	1.06826
8216	1.06002
8218	1.04539
8219	1.04101
8221	1.02329
8223	1.02410
8225	1.04363
8226	1.04824
8228	1.07954
8230	1.08309
8232	1.07804
8235	1.23469
8236	1.16541
8238	1.13371
8240	1.17374
8242	1.20085
8244	1.27983
8245	1.19257
8247	1.19706
8249	1.20430
8251	1.21873
8253	1.19858
8254	1.15391
8256	1.14855
8258	1.10358
8260	1.07533
8262	1.06422
8263	1.04695
8265	1.03107
8267	1.02793
8269	1.05215
8271	1.11396
8272	1.15912
8274	1.22638
8276	1.25849
8279	1.26757
8281	1.23369
8282	1.18085
8284	1.19831
8286	1.18563
8288	1.16651
8290	1.08292
8291	1.10864
8293	1.08658
8295	1.09944
8297	1.08198
8299	1.03346
8300	1.06755
8302	1.02570
8304	1.04056
8306	1.03709
8308	1.03059
8309	1.04450
8311	1.03657
8313	1.09542
8315	1.11228
8317	1.12645
8318	1.14818
8321	1.16901
8323	1.21436
8325	1.24254
8327	1.27136
8328	1.35304
8330	1.38814
8332	1.36994
8334	1.35365
8336	1.35554
8337	1.30675
8339	1.20218
8341	1.05275
8343	1.04927
8345	1.04744
8346	1.06770
8348	1.16938
8350	1.30347
8352	1.35678
8354	1.34080
8355	1.39320
8357	1.39544
8359	1.37003
8361	1.23230
8364	1.23955
8365	1.20394
8367	1.18660
8369	1.13812
8371	1.12571
8373	1.09838
8374	1.05720
8376	1.07363
8378	1.02334
8380	1.02484
8382	1.03007
8383	1.05769
8385	1.07251
8387	1.10457
8389	1.15989
8391	1.22429
8392	1.22820
8394	1.24783
8396	1.29849
8398	1.32893
8400	1.29374
8401	1.29481
8403	1.25086
8406	1.23108
8408	1.14208
8410	1.02842
8411	1.01915
8413	1.02879
8415	1.04818
8417	1.08703
8419	1.21683
8420	1.31109
8422	1.42465
8424	1.42837
8426	1.40626
8428	1.36905
8429	1.36016
8431	1.31583
8433	1.25100
8435	1.27635
8437	1.23058
8438	1.22265
8440	1.27732
8442	1.18479
8444	1.14043
8446	1.13221
8448	1.02384
8450	1.08549
8452	1.01370
8454	1.03061
8455	1.05322
8457	0.98352
8459	1.07833
8461	1.01972
8463	1.11106
8465	1.12995
8466	1.12923
8468	1.16056
8470	1.22797
8472	1.24335
8474	1.29179
8475	1.36887
8477	1.38476
8479	1.39542
8481	1.43160
8483	1.47320
8484	1.48770
8486	1.49962
8488	1.54474
8491	1.47272
8493	1.42054
8494	1.38234
8496	1.25118
8498	1.07364
8500	1.04713
8502	1.04404
8503	1.05316
8505	1.11564
8507	1.22280
8509	1.28198
8511	1.28435
8512	1.28520
8514	1.32505
8516	1.34487
8518	1.27564
8520	1.19917
8521	1.14498
8523	1.13276
8525	1.12587
8527	1.09947
8529	1.07324
8530	1.06366
8532	1.03083
8535	1.04493
8537	1.02076
8539	1.03206
8540	1.04949
8542	1.05292
8544	1.10919
8546	1.08862
8547	1.10261
8549	1.08598
8551	1.10164
8553	1.11217
8555	1.11272
8556	1.08779
8558	1.10280
8560	1.10404
8562	1.09756
8564	1.09898
8565	1.09946
8567	1.08541
8569	1.07221
8571	1.07011
8573	1.07119
8574	1.06030
8577	1.06106
8579	1.04688
8581	1.04130
8583	1.03692
8584	1.02956
8586	1.02467
8588	1.02193
8590	1.02799
8592	1.03623
8593	1.03842
8595	1.05688
8597	1.06691
8599	1.07030
8601	1.07256
8602	1.08552
8604	1.08439
8606	1.08470
8608	1.09017
8610	1.06270
8611	1.05198
8613	1.05803
8615	1.05834
8617	1.04699
8620	1.04975
8621	1.03639
8623	1.04730
8625	1.03910
8627	1.02995
8629	1.04720
8630	1.02374
8632	1.01935
8634	1.04259
8636	1.03607
8638	1.03854
8639	1.06481
8641	1.06232
8643	1.09077
8645	1.10184
8647	1.11345
8648	1.12655
8650	1.12606
8652	1.13087
8654	1.15423
8656	1.16105
8657	1.14645
8659	1.10480
8662	1.06815
8664	1.03980
8666	1.04195
8667	1.03884
8669	1.04803
8671	1.08828
8673	1.19216
8675	1.24947
8676	1.23898
8678	1.19818
8680	1.17702
8682	1.20419
8684	1.21074
8685	1.17543
8687	1.15267
8689	1.09401
8691	1.09845
8693	1.12617
8694	1.11028
8696	1.09630
8698	1.08122
8700	1.07631
8702	1.08196
8704	1.06445
8706	1.05741
8708	1.04546
8710	1.04654
8712	1.02745
8713	1.03228
8715	1.03821
8717	1.04844
8719	1.04841
8721	1.01092
8722	1.04913
8724	1.04427
8726	1.04695
8728	1.05748
8730	1.06105
8731	1.08849
8733	1.07116
8735	1.11235
8737	1.11676
8739	1.13571
8740	1.14527
8742	1.13723
8744	1.14638
8747	1.14456
8749	1.13881
8750	1.12889
8752	1.13673
8754	1.11888
8756	1.11022
8758	1.09285
8759	1.07444
8761	1.06477
8763	1.04541
8765	1.04113
8767	1.03445
8768	1.03326
8770	1.02293
8772	1.02664
8774	1.03385
8776	1.05465
8777	1.06148
8779	1.08600
8781	1.07461
8783	1.07574
8785	1.06769
8786	1.05984
8788	1.06422
8791	1.06242
8793	1.04402
8795	1.03911
8796	1.03610
8798	1.04715
8800	1.03047
8802	1.02832
8804	1.04126
8805	1.03265
8807	1.04449
8809	1.02979
8811	1.03200
8813	1.04151
8814	1.03297
8816	1.02999
8818	1.03784
8820	1.04399
8822	1.05539
8823	1.07095
8825	1.04720
8827	1.05957
8829	1.07456
8832	1.10807
8833	1.11358
8835	1.12064
8837	1.12763
8839	1.11891
8841	1.11439
8842	1.09377
8844	1.05691
8846	1.04656
8848	1.04234
8850	1.06182
8851	1.08052
8853	1.18562
8855	1.27915
8857	1.29691
8859	1.27388
8860	1.26418
8862	1.27188
8864	1.29055
8866	1.30033
8868	1.22003
8869	1.21391
8871	1.19981
8873	1.18574
8876	1.20214
8878	1.18575
8879	1.20322
8881	1.19941
8883	1.12599
8885	1.13304
8887	1.13187
8888	1.10767
8890	1.06284
8892	1.09900
8894	1.07517
8896	1.04047
8897	1.06953
8899	1.09764
8901	1.01939
8903	1.06228
8905	1.01623
8906	1.04337
8908	1.03859
8910	1.02090
8912	1.02475
8914	1.03591
8915	1.05544
8918	1.06000
8920	1.04730
8922	1.04813
8924	1.09242
8925	1.07166
8927	1.09408
8929	1.10158
8931	1.12514
8933	1.17420
8934	1.14429
8936	1.15941
8938	1.09472
8940	1.24270
8942	1.29787
8943	1.24873
8945	1.28315
8947	1.30845
8949	1.27808
8951	1.26806
8952	1.25995
8954	1.25243
8956	1.17434
8958	1.09251
8961	1.05423
8962	1.01806
8964	1.03193
8966	1.02511
8968	1.03757
8970	1.09250
8971	1.12947
8973	1.21191
8975	1.21966
8977	1.20222
8979	1.17600
8980	1.15595
8982	1.11578
8984	1.10898
8986	1.09964
8988	1.07667
8989	1.06954
8991	1.05731
8993	1.07937
8995	1.08521
8997	1.05050
8998	1.03441
9000	1.04636
9003	1.06250
9005	1.01522
9007	1.04519
9008	1.04003
9010	1.03291
9012	1.02740
9014	1.04456
9016	1.03653
9017	1.04602
9019	1.04965
9021	1.04970
9023	1.09196
9025	1.05898
9026	1.10371
9028	1.09416
9030	1.10389
9032	1.11542
9034	1.12415
9035	1.14975
9037	1.14100
9039	1.17325
9041	1.16156
9043	1.18518
9044	1.15917
9047	1.17981
9049	1.15819
9051	1.15442
9053	1.14333
9054	1.11632
9056	1.09897
9058	1.05878
9060	1.04447
9062	1.03527
9063	1.03714
9065	1.05674
9067	1.10154
9069	1.12207
9071	1.16058
9072	1.14414
9074	1.13681
9076	1.12752
9078	1.10832
9080	1.09335
9081	1.10563
9083	1.11956
9085	1.07254
9088	1.06399
9090	1.05954
9091	1.07020
9093	1.05680
9095	1.04220
9097	1.04970
9099	1.02547
9100	1.04918
9102	1.04996
9104	1.05315
9106	1.05282
9108	1.04973
9109	1.06698
9111	1.08217
9113	1.07652
9115	1.09387
9117	1.10111
9118	1.08617
9120	1.10043
9122	1.09711
9124	1.07826
9126	1.06584
9127	1.05595
9129	1.05109
9132	1.03375
9134	1.02567
9136	1.02813
9137	1.02530
9139	1.03196
9141	1.02903
9143	1.03243
9145	1.04742
9146	1.06435
9148	1.06651
9150	1.07848
9152	1.07318
9154	1.06572
9155	1.06114
9157	1.08510
9159	1.08710
9161	1.06701
9163	1.07620
9164	1.08750
9166	1.06446
9168	1.09434
9170	1.08664
9172	1.08514
9174	1.11653
9176	1.11075
9178	1.10957
9180	1.06012
9182	1.06851
9183	1.07112
9185	1.08537
9187	1.05901
9189	1.03153
9191	1.05482
9192	1.04235
9194	1.04651
9196	1.02432
9198	1.05217
9200	1.03239
9201	1.03774
9203	1.04354
9205	1.06541
9207	1.07877
9209	1.09611
9210	1.10322
9212	1.09944
9214	1.12982
9217	1.18745
9219	1.15000
9220	1.20293
9222	1.25851
9224	1.25069
9226	1.25737
9228	1.26765
9229	1.27227
9231	1.29415
9233	1.25222
9235	1.18007
9237	1.13945
9238	1.06496
9240	1.04370
9242	1.03689
9244	1.05133
9246	1.10596
9247	1.18567
9249	1.19201
9251	1.19144
9253	1.20040
9255	1.14398
9256	1.17817
9259	1.18828
9261	1.19344
9263	1.17124
9265	1.11728
9266	1.09321
9268	1.08062
9270	1.08398
9272	1.04055
9274	1.07139
9275	1.03145
9277	1.03343
9279	1.03277
9281	1.03911
9283	1.03313
9284	1.03626
9286	1.03766
9288	1.02590
9290	1.07593
9292	1.06788
9293	1.05326
9295	1.08799
9297	1.08412
9299	1.09347
9302	1.10235
9303	1.11436
9305	1.12502
9307	1.10080
9309	1.08718
9311	1.09720
9312	1.10968
9314	1.09121
9316	1.08209
9318	1.06526
9320	1.04781
9321	1.03865
9323	1.03127
9325	1.02725
9327	1.02425
9329	1.03090
9330	1.04758
9332	1.07083
9334	1.09122
9336	1.10265
9338	1.10751
9339	1.09746
9341	1.08101
9344	1.10811
9346	1.11106
9348	1.10754
9349	1.09430
9351	1.06964
9353	1.07296
9355	1.11197
9357	1.10368
9358	1.10662
9360	1.06374
9362	1.08849
9364	1.08679
9366	1.08373
9367	1.04419
9369	1.02875
9371	1.06216
9373	1.05859
9375	1.04179
9376	1.03744
9378	1.02815
9380	1.03082
9382	1.03776
9384	1.02971
9385	1.04741
9388	1.09270
9390	1.06829
9392	1.10824
9394	1.09129
9395	1.14641
9397	1.18998
9399	1.20834
9401	1.21966
9403	1.28096
9404	1.27085
9406	1.29575
9408	1.32468
9410	1.27963
9412	1.26655
9413	1.25141
9415	1.20762
9417	1.11518
9419	1.07736
9421	1.05366
9422	1.04578
9424	1.07030
9426	1.17268
9428	1.26600
9431	1.28956
9432	1.27656
9434	1.28845
9436	1.22539
9438	1.25959
9440	1.19963
9441	1.18952
9443	1.17401
9445	1.12689
9447	1.10200
9449	1.11254
9450	1.08806
9452	1.06552
9454	1.06815
9456	1.05062
9458	1.03783
9459	1.04358
9461	1.03926
9463	1.02630
9465	1.04683
9467	1.04117
9468	1.02626
9470	1.03171
9473	1.04235
9475	1.04109
9477	1.05306
9478	1.06274
9480	1.05459
9482	1.05879
9484	1.04035
9486	1.07390
9487	1.07863
9489	1.04170
9491	1.07247
9493	1.07698
9495	1.10921
9496	1.10665
9498	1.09423
9500	1.10977
9502	1.10847
9504	1.10547
9505	1.13463
9507	1.13344
9509	1.11079
9511	1.10246
9513	1.10527
9515	1.10501
9517	1.08889
9519	1.05809
9521	1.03509
9523	1.02636
9524	1.02732
9526	1.03154
9528	1.03812
9530	1.06829
9532	1.13747
9533	1.17438
9535	1.15489
9537	1.16538
9539	1.17402
9541	1.15581
9542	1.12598
9544	1.11485
9546	1.09419
9548	1.10006
9550	1.09279
9551	1.10374
9553	1.10524
9555	1.11025
9558	1.06968
9560	1.07583
9561	1.09428
9563	1.08184
9565	1.06363
9567	1.06180
9569	1.03101
9570	1.05195
9572	1.03393
9574	1.02331
9576	1.03921
9578	1.03892
9579	1.02042
9581	1.03956
9583	1.04035
9585	1.12784
9587	1.07068
9588	1.09392
9590	1.16652
9592	1.19426
9594	1.23489
9596	1.23931
9597	1.30484
9600	1.29070
9602	1.34571
9604	1.35407
9606	1.37869
9607	1.42322
9609	1.37089
9611	1.27109
9613	1.19547
9615	1.05609
9616	1.05020
9618	1.05613
9620	1.15516
9622	1.28184
9624	1.36317
9625	1.37521
9627	1.40643
9629	1.40453
9631	1.35819
9633	1.31595
9634	1.25685
9636	1.25394
9638	1.21466
9640	1.15669
9643	1.13438
9644	1.10624
9646	1.06857
9648	1.05554
9650	1.04782
9652	1.02231
9653	1.03811
9655	1.03280
9657	1.01979
9659	1.04728
9661	1.02811
9662	1.06839
9664	1.03722
9666	1.11358
9668	1.08001
9670	1.11229
9671	1.09016
9673	1.11137
9675	1.11968
9677	1.14895
9679	1.13576
9680	1.11217
9682	1.17526
9684	1.13783
9687	1.15197
9689	1.13684
9690	1.12867
9692	1.14444
9694	1.12461
9696	1.10971
9698	1.08548
9699	1.06472
9701	1.05616
9703	1.03744
9705	1.03193
9707	1.03872
9708	1.06203
9710	1.08947
9712	1.14507
9714	1.19219
9716	1.24730
9717	1.27806
9719	1.27194
9721	1.27860
9723	1.24034
9725	1.19910
9726	1.19121
9729	1.20741
9731	1.19297
9733	1.17343
9735	1.19377
9736	1.18514
9738	1.15567
9740	1.17134
9742	1.15476
9744	1.10295
9745	1.10803
9747	1.11322
9749	1.07572
9751	1.06981
9753	1.06168
9754	1.02333
9756	1.03365
9758	1.07074
9760	1.03354
9762	1.17347
9763	1.16719
9765	1.25627
9767	1.19750
9769	1.27700
9772	1.32449
9773	1.36631
9775	1.41086
9777	1.51679
9779	1.49348
9781	1.54240
9782	1.58183
9784	1.55523
9786	1.52293
9788	1.42217
9790	1.24895
9791	1.10373
9793	1.06904
9795	1.04921
9797	1.07697
9799	1.14005
9800	1.30096
9802	1.44526
9804	1.56552
9806	1.62232
9808	1.65220
9809	1.69704
9811	1.57068
9814	1.52832
9816	1.44820
9818	1.38960
9819	1.28579
9821	1.22918
9823	1.16364
9825	1.11066
9827	1.08153
9828	1.03589
9830	1.05138
9832	1.04125
9834	1.02950
9836	1.02816
9837	1.06660
9839	1.08147
9841	1.09946
9843	1.10504
9844	1.13242
9846	1.14785
9848	1.22936
9850	1.19578
9852	1.26409
9854	1.24495
9856	1.31653
9858	1.32162
9860	1.36334
9862	1.36484
9864	1.41213
9865	1.42976
9867	1.36641
9869	1.23040
9871	1.07401
9873	1.02145
9874	1.06003
9876	1.11827
9878	1.13343
9880	1.15762
9882	1.16982
9883	1.22013
9885	1.25003
9887	1.22926
9889	1.21553
9891	1.24745
9892	1.23941
9894	1.28806
9896	1.20320
9899	1.23162
9901	1.29551
9902	1.26158
9904	1.26214
9906	1.24701
9908	1.20043
9910	1.20137
9911	1.18023
9913	1.15845
9915	1.16626
9917	1.12020
9919	1.12039
9920	1.05201
9922	1.08047
9924	1.10245
9926	1.08528
9927	1.03443
9929	1.02561
9931	1.03054
9933	1.03702
9935	1.07396
9937	1.07955
9938	1.11160
9940	1.12811
9943	1.18150
9945	1.18227
9947	1.32127
9948	1.38132
9950	1.38516
9952	1.39659
9954	1.55781
9956	1.47581
9957	1.60659
9959	1.58842
9961	1.65657
9963	1.69631
9965	1.66840
9966	1.60025
9968	1.52412
9970	1.27824
9972	1.05457
9974	1.06638
9975	1.08880
9977	1.19590
9979	1.29044
9981	1.33414
9984	1.37859
9985	1.49680
9987	1.53136
9989	1.57750
9991	1.60143
9992	1.61657
9994	1.63955
9996	1.64004
9998	1.67273
10000	1.63207
10002	1.61740
10003	1.58988
10005	1.54978
10007	1.39145
10009	1.35489
10011	1.36573
10013	1.16456
10015	1.14863
10016	1.05732
10018	1.11161
10020	1.01719
10022	1.02577
10024	1.07779
10027	1.15556
10029	1.18590
10030	1.15600
10032	1.30639
10034	1.22310
10036	1.23644
10038	1.42696
10040	1.39863
10042	1.43004
10043	1.44633
10045	1.66071
10047	1.76989
10049	1.84541
10051	1.80742
10053	1.78551
10055	1.62672
10056	1.37871
10058	1.07535
10060	1.03876
10062	1.02351
10064	1.03135
10066	1.05020
10068	1.12291
10070	1.25910
10072	1.43001
10074	1.49050
10076	1.46063
10078	1.57432
10080	1.60672
10082	1.61239
10083	1.47050
10085	1.50204
10087	1.39464
10089	1.39463
10091	1.26651
10093	1.28082
10095	1.12802
10096	1.11648
10098	1.11956
10100	1.05984
10102	1.09476
10104	1.04829
10106	1.03102
10108	1.08914
10109	1.01981
10112	1.05071
10114	0.99842
10116	1.04316
10118	0.99193
10120	1.04473
10122	1.06076
10123	1.04525
10125	1.03962
10127	1.08272
10129	1.10036
10131	1.16935
10133	1.16118
10135	1.19851
10137	1.30065
10138	1.31189
10140	1.38816
10142	1.41886
10144	1.45880
10146	1.55607
10148	1.54306
10150	1.61691
10151	1.71478
10153	1.76788
10156	1.74814
10158	1.62804
10160	1.53288
10162	1.38840
10164	1.29252
10165	1.10789
10167	1.14870
10169	1.23915
10171	1.25763
10173	1.32726
10175	1.39786
10177	1.46404
10178	1.54670
10180	1.58523
10182	1.67296
10184	1.69355
10186	1.70219
10188	1.78887
10190	1.78691
10191	1.80493
10193	1.75166
10195	1.63397
10198	1.61017
10200	1.49565
10202	1.33189
10204	1.20920
10205	1.17866
10207	1.10155
10209	1.04059
10211	1.07627
10213	1.03826
10215	1.05023
10217	1.16389
10218	1.14966
10220	1.21925
10222	1.27374
10224	1.35180
10226	1.27744
10228	1.40133
10230	1.45010
10231	1.43827
10233	1.50961
10235	1.52312
10237	1.49375
10240	1.55046
10242	1.54488
10244	1.56454
10246	1.57384
10247	1.53305
10249	1.43006
10251	1.28968
10253	1.18786
10255	1.09151
10257	1.05830
10259	1.04779
10260	1.04184
10262	1.04920
10264	1.09176
10266	1.11991
10268	1.25551
10270	1.34521
10272	1.40481
10273	1.40559
10275	1.40498
10277	1.45227
10279	1.33024
10281	1.28173
10284	1.22850
10286	1.13741
10287	1.13407
10289	1.11562
10291	1.12581
10293	1.10063
10295	1.08057
10297	1.07877
10299	1.08712
10300	1.07381
10302	1.04185
10304	1.05383
10306	1.08940
10308	1.04348
10310	1.02521
10312	1.03452
10313	1.06534
10315	1.01622
10317	1.03279
10319	1.07647
10321	1.09426
10323	1.08868
10326	1.06869
10327	1.09670
10329	1.11151
10331	1.17280
10333	1.24668
10335	1.30222
10337	1.37194
10339	1.43420
10340	1.45077
10342	1.54560
10344	1.58006
10346	1.60524
10348	1.63762
10350	1.64758
10352	1.65276
10353	1.58658
10355	1.46830
10357	1.16221
10359	1.06426
10361	1.05637
10363	1.07388
10365	1.17985
10366	1.32426
10369	1.48301
10371	1.57567
10373	1.81693
10375	1.86340
10377	2.03591
10379	1.95948
10380	1.91280
10382	1.83729
10384	1.84335
10386	1.78484
10388	1.54455
10390	1.38893
10392	1.34142
10393	1.29226
10395	1.21631
10397	1.27265
10399	1.22941
10401	1.09164
10403	1.02631
10405	1.04584
10406	1.03491
10408	1.07283
10411	1.02939
10413	1.08644
10415	1.02146
10417	1.15384
10419	1.13897
10421	1.25826
10422	1.27037
10424	1.21431
10426	1.16712
10428	1.08267
10430	1.06058
10432	1.06488
10434	1.07131
10435	1.05668
10437	1.07543
10439	1.14827
10441	1.22821
10443	1.33872
10445	1.44185
10447	1.43358
10448	1.41219
10450	1.47028
10452	1.47333
10455	1.38336
10457	1.39005
10459	1.33019
10461	1.27060
10462	1.20391
10464	1.20343
10466	1.15868
10468	1.12206
10470	1.09289
10472	1.05709
10474	1.04131
10475	1.03156
10477	1.02901
10479	1.02983
10481	1.03535
10483	1.02831
10485	1.03084
10487	1.04153
10488	1.04628
10490	1.03288
10492	1.02891
10494	1.02808
10497	1.03147
10499	1.03833
10501	1.02507
10502	1.04021
10504	1.03203
10506	1.04268
10508	1.03423
10510	1.02466
10512	1.02811
10514	1.03454
10515	1.03138
10517	1.03797
10519	1.03197
10521	1.02511
10523	1.03172
10525	1.03668
10527	1.02560
10528	1.02936
10530	1.03350
10532	1.02705
10534	1.03073
10536	1.03386
10539	1.02521
10541	1.03948
10542	1.03599
10544	1.03084
10546	1.02286
10548	1.03057
10550	1.04079
10552	1.02878
10554	1.03327
10555	1.02983
10557	1.03891
10559	1.03011
10561	1.02772
10563	1.02216
10565	1.02495
10567	1.03216
10569	1.03632
10570	1.02998
10572	1.02845
10574	1.03132
10576	1.03257
10578	1.02905
10580	1.03172
10583	1.02976
10584	1.02374
10586	1.03369
10588	1.03235
10590	1.02812
10592	1.03400
10594	1.03494
10596	1.03271
10597	1.03347
10599	1.03896
10601	1.03477
10603	1.03999
10605	1.02950
10607	1.03689
10609	1.02456
10610	1.03722
10612	1.03009
10614	1.02819
10616	1.02832
10618	1.03130
10620	1.02877
10622	1.02500
10624	1.03196
10626	1.02971
10628	1.03955
10630	1.04426
10632	1.03629
10634	1.03085
10636	1.03166
10637	1.03026
10639	1.04028
10641	1.04029
10643	1.02724
10645	1.03333
10647	1.03142
10649	1.02764
10650	1.03857
10652	1.03475
10654	1.03664
10656	1.03307
10658	1.03314
10660	1.03376
10662	1.03047
10663	1.03131
10665	1.03025
10668	1.03591
10670	1.03687
10672	1.02820
10674	1.03524
10676	1.02397
10677	1.02706
10679	1.02764
10681	1.03125
10683	1.03061
10685	1.02529
10687	1.02915
10689	1.03647
10691	1.03691
10692	1.02668
10694	1.03254
10696	1.03022
10698	1.02904
10700	1.02960
10702	1.03249
10704	1.03088
10705	1.02880
10707	1.03296
10710	1.03319
10712	1.02484
10714	1.02288
10716	1.03754
10718	1.03695
10719	1.03693
10721	1.03286
10723	1.05160
10725	1.05346
10727	1.04661
10729	1.03738
10731	1.04133
10732	1.05308
10734	1.06339
10736	1.03235
10738	1.06262
10740	1.03428
10742	1.05595
10744	1.04635
10745	1.06018
10747	1.06730
10749	1.03777
10752	1.04609
10754	1.06127
10756	1.03783
10758	1.04868
10759	1.05571
10761	1.05012
10763	1.01676
10765	1.02751
10767	1.03609
10769	1.02919
10771	1.02290
10772	1.04284
10774	1.02148
10776	1.04353
10778	1.01760
10780	1.04496
10782	1.03671
10784	1.00136
10785	1.02021
10787	1.02853
10789	1.04185
10791	1.01460
10793	1.04914
10796	1.04725
10798	1.05487
10799	1.04647
10801	1.06687
10803	1.06140
10805	1.05192
10807	1.05113
10809	1.06485
10811	1.03181
10812	1.09216
10814	1.06433
10816	1.06656
10818	1.10168
10820	1.09468
10822	1.09908
10824	1.09190
10825	1.08543
10827	1.09092
10829	1.11363
10831	1.10443
10833	1.10772
10835	1.10385
10838	1.11044
10839	1.10496
10841	1.10049
10843	1.11475
10845	1.10608
10847	1.09411
10849	1.09346
10851	1.09200
10852	1.07647
10854	1.06483
10856	1.06066
10858	1.04576
10860	1.04009
10862	1.04032
10864	1.02943
10865	1.03217
10867	1.03276
10869	1.02812
10871	1.02976
10873	1.03254
10875	1.03279
10877	1.02817
10880	1.03553
10881	1.03295
10883	1.03556
10885	1.03642
10887	1.03165
10889	1.03135
10891	1.02659
10893	1.03771
10894	1.03375
10896	1.03587
10898	1.03474
10900	1.03533
10902	1.03048
10904	1.03258
10906	1.03888
10907	1.03549
10909	1.03874
10911	1.03708
10913	1.03383
10915	1.04043
10917	1.02843
10919	1.03231
10920	1.03429
10923	1.04400
10925	1.04436
10927	1.03542
10929	1.03990
10931	1.03681
10933	1.04309
10934	1.04261
10936	1.04241
10938	1.03313
10940	1.04236
10942	1.04100
10944	1.04398
10946	1.04332
10947	1.04465
10949	1.04704
10951	1.03920
10953	1.03714
10955	1.03762
10957	1.03583
10959	1.04877
10961	1.04876
10962	1.03868
10964	1.04025
10967	1.03855
10969	1.04010
10971	1.03163
10973	1.04346
10975	1.03057
10976	1.02353
10978	1.02852
10980	1.04259
10982	1.03754
10984	1.01567
10986	1.02365
10988	1.03687
10989	1.02817
10991	1.02969
10993	1.02922
10995	1.03102
10997	1.04249
10999	1.04301
11001	1.03849
11002	1.03402
11004	1.03757
11006	1.04219
11009	1.03183
11011	1.03349
11013	1.05162
11015	1.03789
11016	1.03925
11018	1.03381
11020	1.03104
11022	1.03368
11024	1.03263
11026	1.03558
11028	1.03693
11029	1.03012
11031	1.03718
11033	1.02870
11035	1.03331
11037	1.02842
11039	1.02810
11041	1.03273
11042	1.02675
11044	1.04140
11046	1.03140
11048	1.03706
11051	1.04647
11053	1.03844
11055	1.05106
11056	1.04517
11058	1.04581
11060	1.04530
11062	1.05223
11064	1.04466
11066	1.05067
11068	1.04790
11069	1.05834
11071	1.05912
11073	1.02810
11075	1.03113
11077	1.04193
11079	1.05966
11081	1.03648
11082	1.04170
11084	1.04452
11086	1.04293
11088	1.04203
11090	1.05688
11092	1.03394
11095	1.06871
11096	1.03903
11098	1.04067
11100	1.01731
11102	1.03807
11104	1.04891
11106	1.05192
11108	1.01548
11109	1.04028
11111	1.04454
11113	1.02622
11115	1.02630
11117	1.04974
11119	1.02668
11121	1.02951
11122	1.03258
11124	1.03151
11126	1.02438
11128	1.02315
11130	1.03323
11132	1.02884
11134	1.04366
11137	1.05241
11138	1.05694
11140	1.03603
11142	1.03020
11144	1.03826
11146	1.02765
11148	1.05742
11150	1.04168
11151	1.03528
11153	1.05685
11155	1.04017
11157	1.05184
11159	1.05431
11161	1.04900
11163	1.06861
11164	1.05909
11166	1.06971
11168	1.08851
11170	1.07800
11172	1.07641
11174	1.09957
11176	1.11955
11177	1.10614
11180	1.11859
11182	1.11247
11184	1.11644
11186	1.14374
11188	1.14466
11190	1.14509
11191	1.13937
11193	1.15098
11195	1.14076
11197	1.12588
11199	1.09668
11201	1.06247
11203	1.05622
11205	1.02820
11206	1.03341
11208	1.03261
11210	1.02936
11212	1.03470
11214	1.03956
11216	1.04263
11218	1.04466
11219	1.04984
11222	1.05071
11224	1.04875
11226	1.04346
11228	1.04065
11230	1.04199
11232	1.04346
11233	1.04204
11235	1.05087
11237	1.05339
11239	1.06675
11241	1.06826
11243	1.06266
11245	1.06173
11246	1.06616
11248	1.07264
11250	1.06495
11252	1.08092
11254	1.07357
11256	1.06895
11258	1.09229
11259	1.08979
11261	1.06917
11264	1.09239
11266	1.07819
11268	1.06850
11270	1.07255
11272	1.05961
11273	1.07197
11275	1.05795
11277	1.05527
11279	1.06146
11281	1.05080
11283	1.04443
11285	1.04740
11286	1.04672
11288	1.03523
11290	1.04017
11292	1.03021
11294	1.04546
11296	1.01235
11298	1.02780
11299	1.03210
11301	1.02975
11303	1.05165
11305	1.03473
11308	1.04477
11310	1.06553
11312	1.04689
11313	1.05958
11315	1.06631
11317	1.07669
11319	1.07521
11321	1.08896
11323	1.08667
11325	1.09196
11326	1.09456
11328	1.09817
11330	1.10794
11332	1.09954
11334	1.08446
11336	1.06774
11338	1.04833
11339	1.03453
11341	1.02902
11343	1.03061
11345	1.03240
11347	1.03124
11350	1.03291
11352	1.03281
11353	1.04837
11355	1.05011
11357	1.05005
11359	1.04867
11361	1.04266
11363	1.04029
11365	1.04450
11366	1.04064
11368	1.04387
11370	1.03761
11372	1.03093
11374	1.03988
11376	1.02836
11378	1.03870
11379	1.03892
11381	1.03671
11383	1.04001
11385	1.03473
11387	1.02206
11389	1.03336
11392	1.03284
11393	1.04351
11395	1.02842
11397	1.02465
11399	1.02865
11401	1.03023
11403	1.02929
11405	1.04179
11406	1.03467
11408	1.03069
11410	1.02302
11412	1.04267
11414	1.03889
11416	1.04212
11418	1.03183
11420	1.05500
11421	1.05384
11423	1.07097
11425	1.06078
11427	1.08716
11429	1.08977
11431	1.08766
11433	1.07998
11435	1.09436
11437	1.09558
11439	1.09109
11441	1.09310
11443	1.08997
11445	1.07323
11447	1.07001
11448	1.05581
11450	1.04935
11452	1.04064
11454	1.03647
11456	1.04137
11458	1.04222
11460	1.05238
11461	1.08406
11463	1.10683
11465	1.10123
11467	1.10524
11469	1.09828
11471	1.08940
11473	1.09866
11474	1.13118
11476	1.13638
11479	1.12172
11481	1.10911
11483	1.10160
11485	1.11583
11487	1.10689
11489	1.10716
11490	1.10281
11492	1.07029
11494	1.08457
11496	1.10046
11498	1.08395
11500	1.06109
11502	1.07056
11503	1.03729
11505	1.05720
11507	1.06507
11509	1.03936
11511	1.03875
11513	1.03233
11515	1.02924
11516	1.03016
11518	1.04620
11521	1.03830
11523	1.03774
11525	1.03662
11527	1.07768
11529	1.07677
11530	1.07621
11532	1.07731
11534	1.07299
11536	1.09504
11538	1.09099
11540	1.13958
11542	1.10932
11543	1.12520
11545	1.10641
11547	1.11545
11549	1.12835
11551	1.10262
11553	1.09415
11555	1.08546
11556	1.06059
11558	1.03698
11560	1.03033
11563	1.02626
11565	1.02838
11567	1.04158
11569	1.07297
11570	1.09699
11572	1.11358
11574	1.10840
11576	1.09568
11578	1.08273
11580	1.09867
11582	1.09448
11583	1.06401
11585	1.07751
11587	1.09013
11589	1.06794
11591	1.08083
11593	1.06315
11595	1.05563
11596	1.07206
11598	1.07112
11600	1.06574
11602	1.04480
11604	1.02414
11607	1.01977
11609	1.02471
11610	1.04055
11612	1.04206
11614	1.05721
11616	1.04440
11618	1.05848
11620	1.08531
11622	1.11804
11623	1.13343
11625	1.16039
11627	1.20591
11629	1.23646
11631	1.24444
11633	1.26561
11635	1.25550
11636	1.21512
11638	1.18715
11640	1.11157
11642	1.06129
11644	1.07587
11646	1.11983
11649	1.27752
11651	1.46499
11652	1.60617
11654	1.67326
11656	1.66376
11658	1.62035
11660	1.62244
11662	1.62793
11664	1.65991
11665	1.56912
11667	1.50469
11669	1.38886
11671	1.33847
11673	1.27819
11675	1.20985
11677	1.15567
11678	1.13046
11680	1.06100
11682	1.01958
11684	1.03951
11686	1.08601
11688	1.11798
11691	1.13303
11692	1.20506
11694	1.35118
11696	1.32971
11698	1.49713
11700	1.54195
11702	1.52455
11704	1.54018
11705	1.54594
11707	1.63817
11709	1.64085
11711	1.56295
11713	1.43644
11715	1.30428
11717	1.13713
11718	1.03880
11720	1.02664
11722	1.02758
11724	1.04001
11726	1.07708
11728	1.17839
11730	1.31579
11731	1.42157
11734	1.40764
11736	1.37985
11738	1.37578
11740	1.41537
11742	1.33767
11744	1.33296
11745	1.34284
11747	1.29184
11749	1.27285
11751	1.21034
11753	1.25604
11755	1.17993
11757	1.13527
11758	1.10007
11760	1.07404
11762	1.10468
11764	1.00344
11766	1.07934
11768	1.05684
11770	1.07872
11771	1.05080
11773	1.03625
11776	1.08843
11778	1.11140
11780	1.20038
11782	1.19814
11784	1.25849
11785	1.35398
11787	1.49281
11789	1.62244
11791	1.76465
11793	1.76719
11795	1.79196
11797	1.89944
11799	1.83223
11800	1.70865
11802	1.35943
11804	1.12867
11806	1.06275
11808	1.08652
11810	1.23432
11812	1.41413
11813	1.60074
11815	1.67454
11817	1.70404
11820	1.66850
11822	1.65883
11824	1.60299
11826	1.55338
11827	1.46945
11829	1.38311
11831	1.25840
11833	1.11972
11835	1.09122
11837	1.04610
11839	1.07479
11840	1.23377
11842	1.33125
11844	1.42817
11846	1.48715
11848	1.52008
11850	1.66592
11852	1.77932
11853	1.76324
11855	1.65627
11857	1.43189
11859	1.11834
11862	1.12015
11864	1.31464
11866	1.46550
11867	1.53498
11869	1.56884
11871	1.66938
11873	1.71859
11875	1.84742
11877	1.84162
11879	1.88233
11881	1.92586
11882	1.88718
11884	1.78511
11886	1.65156
11888	1.49979
11890	1.40305
11892	1.25047
11894	1.09545
11895	1.02724
11897	1.05010
11899	1.13012
11901	1.22406
11904	1.24367
11906	1.39939
11908	1.38305
11909	1.44972
11911	1.55251
11913	1.68042
11915	1.77893
11917	1.81574
11919	1.88234
11921	1.92604
11922	1.98309
11924	1.92214
11926	1.87817
11928	1.78702
11930	1.68171
11932	1.42562
11934	1.10317
11935	1.05066
11937	1.06133
11939	1.13291
11941	1.30779
11943	1.47046
11945	1.57403
11948	1.60922
11949	1.57360
11951	1.52831
11953	1.47295
11955	1.42002
11957	1.35484
11959	1.25137
11961	1.22005
11962	1.17072
11964	1.18233
11966	1.15321
11968	1.10535
11970	1.15877
11972	1.08573
11974	1.07591
11976	1.06432
11977	1.02320
11979	1.06961
11981	1.04270
11983	1.01325
11985	1.04727
11987	1.01155
11990	1.05407
11991	1.02802
11993	1.03280
11995	1.05574
11997	1.02326
11999	1.08944
12001	1.09309
12003	1.07632
12004	1.22350
12006	1.17844
12008	1.32815
12010	1.43529
12012	1.54146
12014	1.49977
12016	1.61069
12017	1.67041
12019	1.68636
12021	1.57959
12023	1.38959
12025	1.07153
12027	1.04287
12029	1.16461
12030	1.36782
12033	1.52271
12035	1.60733
12037	1.67777
12039	1.66929
12041	1.65052
12043	1.67402
12044	1.63535
12046	1.60505
12048	1.61413
12050	1.61324
12052	1.48780
12054	1.43973
12056	1.42763
12057	1.32346
12059	1.19419
12061	1.14427
12063	1.08054
12065	1.04069
12067	1.01218
12069	1.08453
12070	1.14335
12072	1.25885
12075	1.30634
12077	1.36943
12079	1.51417
12081	1.53111
12083	1.73649
12085	1.92645
12086	1.92261
12088	1.97712
12090	2.07239
12092	2.09159
12094	2.02149
12096	1.90160
12098	1.65195
12099	1.09897
12101	1.08629
12103	1.26184
12105	1.59889
12107	1.92739
12109	2.22319
12111	2.36579
12112	2.27011
12114	2.22360
12116	2.18102
12119	2.14262
12121	2.00961
12123	1.80593
12125	1.66089
12126	1.45325
12128	1.35553
12130	1.23813
12132	1.16731
12134	1.10241
12136	1.02259
12138	1.02159
12139	1.05863
12141	1.04496
12143	1.20588
12145	1.21116
12147	1.31601
12149	1.46140
12151	1.50008
12152	1.65155
12154	1.64885
12156	1.74439
12158	1.70698
12161	1.70459
12163	1.70336
12165	1.76933
12166	1.72653
12168	1.73217
12170	1.64547
12172	1.53547
12174	1.35594
12176	1.13077
12178	1.02936
12179	1.02215
12181	1.02236
12183	1.03693
12185	1.07194
12187	1.14028
12189	1.20339
12191	1.20675
12192	1.18674
12194	1.15936
12196	1.16266
12198	1.12418
12200	1.11125
12203	1.12863
12205	1.12130
12206	1.11080
12208	1.15418
12210	1.13159
12212	1.13288
12214	1.10804
12216	1.09469
12218	1.08618
12219	1.08022
12221	1.09100
12223	1.09432
12225	1.08160
12227	1.06521
12229	1.05495
12231	1.04934
12232	1.03325
12234	1.03849
12236	1.08779
12238	1.13787
12240	1.16616
12242	1.17065
12244	1.23498
12247	1.24342
12248	1.38038
12250	1.43844
12252	1.48417
12254	1.58989
12256	1.69390
12258	1.71918
12260	1.67739
12261	1.50232
12263	1.35584
12265	1.13062
12267	1.26849
12269	1.50576
12271	1.60622
12273	1.64590
12274	1.66676
12276	1.63955
12278	1.61772
12280	1.69360
12282	1.70002
12284	1.71145
12286	1.67051
12288	1.54033
12290	1.58682
12292	1.44558
12294	1.29051
12296	1.20661
12298	1.15945
12300	1.06744
12301	1.06045
12303	1.11964
12305	1.16563
12307	1.18656
12309	1.25396
12311	1.39581
12313	1.45728
12314	1.46579
12316	1.60113
12318	1.62397
12320	1.61958
12322	1.58925
12324	1.61053
12326	1.59322
12327	1.53533
12329	1.41040
12332	1.19854
12334	1.04091
12336	1.02669
12338	1.04422
12340	1.08474
12341	1.16890
12343	1.26044
12345	1.31732
12347	1.33226
12349	1.32812
12351	1.30460
12353	1.28151
12354	1.27962
12356	1.22850
12358	1.19477
12360	1.19730
12362	1.14980
12364	1.15565
12366	1.15478
12368	1.07727
12369	1.06078
12371	1.05608
12374	1.04023
12376	1.02739
12378	1.01476
12380	1.05911
12382	1.02091
12383	1.07549
12385	1.10222
12387	1.14631
12389	1.12859
12391	1.16742
12393	1.21475
12395	1.27302
12396	1.24109
12398	1.33649
12400	1.37775
12402	1.41391
12404	1.42101
12406	1.43852
12408	1.44619
12409	1.47878
12411	1.43262
12413	1.34809
12416	1.15262
12418	1.03805
12420	1.04164
12422	1.09821
12423	1.20347
12425	1.25056
12427	1.26598
12429	1.30996
12431	1.33233
12433	1.36608
12435	1.35268
12436	1.35232
12438	1.31667
12440	1.37074
12442	1.32722
12444	1.38332
12446	1.34510
12448	1.31992
12450	1.23321
12451	1.20235
12453	1.18103
12455	1.18673
12457	1.11519
12460	1.06828
12462	1.06436
12464	1.01858
12465	1.04318
12467	1.06780
12469	1.12407
12471	1.16152
12473	1.16089
12475	1.22204
12477	1.31216
12478	1.32768
12480	1.39271
12482	1.43851
12484	1.44397
12486	1.46499
12488	1.46684
12490	1.38982
12491	1.27093
12493	1.21115
12495	1.10685
12497	1.03356
12499	1.02483
12502	1.03995
12504	1.06644
12505	1.14194
12507	1.25242
12509	1.34625
12511	1.34207
12513	1.32363
12515	1.33122
12517	1.31167
12518	1.27813
12520	1.26351
12522	1.19400
12524	1.19043
12526	1.10065
12528	1.09803
12530	1.10241
12531	1.09430
12533	1.08443
12535	1.09544
12537	1.07187
12539	1.05231
12541	1.03705
12544	1.03989
12545	1.01582
12547	1.04019
12549	1.06166
12551	1.04614
12553	1.04892
12555	1.04168
12557	1.05290
12558	1.11989
12560	1.10983
12562	1.09488
12564	1.12709
12566	1.17570
12568	1.18424
12570	1.24824
12572	1.26600
12573	1.34268
12575	1.31458
12577	1.32467
12579	1.36478
12581	1.40716
12583	1.35182
12585	1.38592
12587	1.36910
12589	1.33690
12591	1.20382
12593	1.05465
12595	1.03810
12597	1.03862
12599	1.04428
12600	1.07322
12602	1.10935
12604	1.11787
12606	1.12692
12608	1.13760
12610	1.17732
12612	1.23091
12613	1.22718
12615	1.21813
12617	1.24079
12619	1.19779
12621	1.19866
12623	1.21240
12625	1.21042
12627	1.19017
12628	1.19273
12631	1.17678
12633	1.13383
12635	1.14833
12637	1.12803
12639	1.09973
12641	1.08953
12642	1.08577
12644	1.09531
12646	1.03103
12648	1.05343
12650	1.02871
12652	1.02511
12654	1.04195
12655	1.06751
12657	1.07164
12659	1.05411
12661	1.10282
12663	1.07268
12665	1.10379
12667	1.09403
12668	1.10115
12670	1.14130
12673	1.10792
12675	1.09836
12677	1.11961
12679	1.09490
12681	1.12447
12682	1.13550
12684	1.13026
12686	1.12045
12688	1.10262
12690	1.08866
12692	1.09200
12694	1.08755
12695	1.08170
12697	1.06852
12699	1.05857
12701	1.05452
12703	1.04649
12705	1.04171
12707	1.02953
12708	1.02834
12710	1.02592
12712	1.02850
12715	1.02901
12717	1.02555
12719	1.03154
12721	1.02957
12722	1.03629
12724	1.02787
12726	1.03049
12728	1.02957
12730	1.03034
12732	1.03132
12734	1.02854
12736	1.03316
12737	1.03056
12739	1.04121
12741	1.03481
12743	1.03114
12745	1.02741
12747	1.03125
12749	1.03197
12750	1.03405
12752	1.03047
12754	1.02415
12756	1.03347
12759	1.03204
12761	1.03445
12763	1.03641
12764	1.03359
12766	1.02922
12768	1.02996
12770	1.04514
12772	1.04300
12774	1.03868
12776	1.03705
12777	1.03443
12779	1.04268
12781	1.04107
12783	1.03975
12785	1.05086
12787	1.03742
12789	1.04568
12790	1.03088
12792	1.05393
12794	1.06553
12796	1.05782
12798	1.02478
12801	1.03587
12803	1.06339
12804	1.04308
12806	1.05530
12808	1.04656
12810	1.05948
12812	1.02978
12814	1.02260
12816	1.03863
12817	1.04820
12819	1.03168
12821	1.02946
12823	1.03257
12825	1.02380
12827	1.03774
12829	1.03579
12830	1.02494
12832	1.03832
12834	1.03871
12836	1.04466
12838	1.03161
12840	1.04681
12843	1.06490
12844	1.05703
12846	1.10419
12848	1.09351
12850	1.09744
12852	1.14689
12854	1.15985
12856	1.15830
12857	1.18726
12859	1.18330
12861	1.19028
12863	1.24148
12865	1.22573
12867	1.23816
12869	1.21968
12871	1.21373
12872	1.15388
12874	1.07781
12876	1.04083
12878	1.03420
12880	1.03765
12882	1.04791
12884	1.07473
12886	1.09962
12888	1.10343
12890	1.12135
12892	1.12974
12894	1.14338
12896	1.16795
12898	1.15865
12899	1.15133
12901	1.18089
12903	1.16211
12905	1.15608
12907	1.14148
12909	1.14375
12911	1.10709
12912	1.10456
12914	1.10310
12916	1.12324
12918	1.10522
12920	1.06780
12922	1.07031
12924	1.06201
12925	1.07685
12928	1.02555
12930	1.04493
12932	1.05047
12934	1.03216
12936	1.04892
12938	1.02535
12939	1.02962
12941	1.03005
12943	1.04252
12945	1.03237
12947	1.04191
12949	1.05033
12951	1.08471
12952	1.09420
12954	1.08910
12956	1.09765
12958	1.10369
12960	1.11085
12962	1.12432
12964	1.14275
12965	1.11519
12967	1.12340
12969	1.12540
12972	1.10478
12974	1.10362
12976	1.09064
12978	1.07092
12979	1.05350
12981	1.04272
12983	1.03375
12985	1.03157
12987	1.03162
12989	1.02743
12991	1.02300
12992	1.02923
12994	1.03548
12996	1.04310
12998	1.05943
13000	1.06823
13002	1.06575
13004	1.05345
13005	1.04459
13007	1.04934
13009	1.04746
13011	1.05661
13014	1.04326
13016	1.03970
13018	1.04446
13019	1.04653
13021	1.05453
13023	1.05845
13025	1.05725
13027	1.05135
13029	1.05815
13031	1.04298
13032	1.05303
13034	1.04074
13036	1.03759
13038	1.07773
13040	1.04620
13042	1.03002
13044	1.04272
13045	1.02424
13047	1.06222
13049	1.03503
13051	1.02498
13053	1.03552
13056	1.03886
13058	1.02050
13059	1.03844
13061	1.01179
13063	1.02856
13065	1.03355
13067	1.05459
13069	1.02440
13071	1.04344
13072	1.05520
13074	1.03772
13076	1.04060
13078	1.05084
13080	1.06224
13082	1.05641
13084	1.04802
13085	1.07262
13087	1.07172
13089	1.08134
13091	1.07922
13093	1.08613
13095	1.08493
13097	1.08749
13100	1.10614
13101	1.09690
13103	1.10756
13105	1.09793
13107	1.10953
13109	1.09906
13111	1.10892
13113	1.10416
13114	1.07341
13116	1.07569
13118	1.07333
13120	1.07722
13122	1.07573
13124	1.05733
13126	1.06205
13127	1.05132
13129	1.04516
13131	1.04026
13133	1.03840
13135	1.04092
13137	1.03363
13139	1.03128
13140	1.03514
13143	1.03244
13145	1.03705
13147	1.03413
13149	1.03108
13151	1.03654
13153	1.03649
13154	1.03292
13156	1.03117
13158	1.03465
13160	1.03894
13162	1.03585
13164	1.03557
13166	1.03008
13168	1.03477
13169	1.03428
13171	1.03422
13173	1.03473
13175	1.04140
13177	1.02817
13179	1.02859
13181	1.03104
13182	1.03066
13185	1.02831
13187	1.02749
13189	1.02920
13191	1.03623
13193	1.03672
13195	1.03314
13196	1.03596
13198	1.04100
13200	1.03604
13202	1.04597
13204	1.04048
13206	1.04412
13208	1.04111
13209	1.04128
13211	1.04923
13213	1.04653
13215	1.04735
13217	1.04337
13219	1.05027
13221	1.04669
13222	1.04473
13224	1.04577
13227	1.04024
13229	1.05741
13231	1.05308
13233	1.05196
13235	1.05042
13236	1.05238
13238	1.04710
13240	1.05014
13242	1.03922
13244	1.04439
13246	1.03950
13248	1.06002
13249	1.05363
13251	1.05014
13253	1.03906
13255	1.02810
13257	1.04497
13259	1.03518
13261	1.04663
13262	1.03486
13264	1.03353
13266	1.04329
13268	1.05255
13271	1.02477
13273	1.03942
13275	1.02746
13277	1.04341
13278	1.03667
13280	1.02926
13282	1.02971
13284	1.03099
13286	1.03250
13288	1.03007
13289	1.02369
13291	1.03117
13293	1.02689
13295	1.04132
13297	1.02989
13299	1.03352
13301	1.03266
13303	1.03534
13304	1.03198
13306	1.04652
13308	1.04265
13310	1.04238
13313	1.07153
13315	1.05641
13317	1.06078
13318	1.04841
13320	1.06657
13322	1.05985
13324	1.05250
13326	1.06372
13328	1.06805
13330	1.05327
13331	1.05728
13333	1.04665
13335	1.03525
13337	1.02982
13339	1.02435
13341	1.03072
13343	1.02841
13344	1.03079
13346	1.02370
13348	1.02981
13350	1.03793
13352	1.03844
13355	1.03917
13357	1.03745
13358	1.04063
13360	1.03265
13362	1.04168
13364	1.03895
13366	1.04100
13368	1.03763
13370	1.04074
13371	1.02730
13373	1.02771
13375	1.03712
13377	1.03150
13379	1.02656
13381	1.03116
13383	1.03249
13384	1.04339
13386	1.03105
13388	1.03157
13390	1.02330
13392	1.03809
13394	1.02853
13396	1.02795
13398	1.03583
13400	1.03818
13402	1.03107
13404	1.02905
13406	1.02942
13408	1.04655
13410	1.03197
13411	1.02057
13413	1.03311
13415	1.04416
13417	1.01898
13419	1.03280
13421	1.03306
13423	1.03900
13424	1.01792
13426	1.04241
13428	1.02729
13430	1.03776
13432	1.03789
13434	1.03802
13436	1.03291
13438	1.02589
13440	1.01880
13442	1.03854
13444	1.03331
13446	1.03637
13448	1.04464
13450	1.04562
13452	1.04514
13453	1.04486
13455	1.02857
13457	1.04761
13459	1.03235
13461	1.04695
13463	1.07714
13465	1.04540
13466	1.05833
13468	1.05651
13470	1.05868
13472	1.06910
13474	1.06896
13476	1.05578
13478	1.06127
13479	1.08256
13481	1.07169
13484	1.06380
13486	1.07327
13488	1.07684
13490	1.07255
13492	1.07454
13493	1.07311
13495	1.07610
13497	1.06934
13499	1.06020
13501	1.07073
13503	1.05177
13505	1.05125
13506	1.04643
13508	1.04027
13510	1.04032
13512	1.03496
13514	1.04212
13516	1.04317
13518	1.03276
13520	1.04011
13521	1.04068
13523	1.03944
13526	1.04966
13528	1.04774
13530	1.05619
13532	1.05038
13534	1.04703
13535	1.05163
13537	1.06104
13539	1.05587
13541	1.05523
13543	1.06937
13545	1.05678
13547	1.05799
13548	1.06243
13550	1.05081
13552	1.05843
13554	1.05102
13556	1.06501
13558	1.06066
13560	1.06495
13561	1.07544
13563	1.06306
13565	1.06520
13568	1.05901
13570	1.04608
13572	1.07820
13574	1.06451
13575	1.05243
13577	1.05196
13579	1.05481
13581	1.04609
13583	1.05126
13585	1.05326
13587	1.04104
13588	1.03764
13590	1.05113
13592	1.04255
13594	1.04140
13596	1.03884
13598	1.03741
13600	1.04504
13601	1.04335
13603	1.03399
13605	1.02830
13607	1.02470
13609	1.04505
13612	1.03414
13614	1.02748
13615	1.01213
13617	1.04869
13619	1.05916
13621	1.03906
13623	1.05663
13625	1.04182
13627	1.05249
13628	1.06684
13630	1.06048
13632	1.05886
13634	1.08636
13636	1.08934
13638	1.08352
13640	1.07727
13641	1.08538
13643	1.09744
13645	1.08939
13647	1.06730
13649	1.06008
13651	1.04761
13654	1.03750
13655	1.03223
13657	1.03244
13659	1.02833
13661	1.03721
13663	1.04287
13665	1.05119
13667	1.06652
13668	1.06927
13670	1.06533
13672	1.09098
13674	1.09929
13676	1.09834
13678	1.07894
13680	1.08694
13681	1.08243
13683	1.07061
13685	1.09966
13687	1.05946
13689	1.07070
13691	1.05967
13693	1.06500
13694	1.08055
13697	1.06115
13699	1.06106
13701	1.05706
13703	1.06569
13705	1.03566
13707	1.05653
13708	1.03678
13710	1.03672
13712	1.04024
13714	1.01545
13716	1.05316
13718	1.01441
13720	1.02301
13721	1.03504
13723	1.04213
13725	1.04889
13727	1.04141
13729	1.05565
13731	1.09586
13733	1.07908
13734	1.08837
13736	1.12371
13739	1.13058
13741	1.16113
13743	1.14255
13745	1.21659
13747	1.20136
13749	1.21093
13750	1.25492
13752	1.24106
13754	1.26970
13756	1.28016
13758	1.24711
13760	1.20629
13762	1.12866
13763	1.08103
13765	1.04477
13767	1.04313
13769	1.05646
13771	1.09555
13773	1.14203
13775	1.16744
13776	1.20974
13778	1.25547
13780	1.30428
13783	1.30023
13785	1.27859
13787	1.26905
13789	1.29177
13790	1.30862
13792	1.26488
13794	1.22040
13796	1.18626
13798	1.17873
13800	1.22893
13802	1.13719
13803	1.10490
13805	1.07686
13807	1.10685
13809	1.05375
13811	1.04309
13813	1.01877
13815	1.03923
13816	1.03400
13818	1.05611
13820	1.05786
13822	1.08599
13825	1.10543
13827	1.12959
13829	1.18532
13830	1.17680
13832	1.18993
13834	1.20884
13836	1.24853
13838	1.26117
13840	1.28507
13842	1.24562
13843	1.24694
13845	1.24307
13847	1.20589
13849	1.13465
13851	1.05927
13853	1.03334
13855	1.02455
13856	1.02196
13858	1.03493
13860	1.04322
13862	1.06794
13864	1.09806
13867	1.11544
13869	1.10942
13871	1.10231
13872	1.09712
13874	1.09834
13876	1.08568
13878	1.05323
13880	1.05113
13882	1.04250
13884	1.02929
13885	1.03095
13887	1.05366
13889	1.05917
13891	1.08530
13893	1.11579
13895	1.15424
13897	1.16678
13898	1.16971
13900	1.19054
13902	1.15903
13904	1.14650
13906	1.10691
13908	1.10754
13911	1.12922
13912	1.17939
13914	1.19666
13916	1.23157
13918	1.26065
13920	1.28679
13922	1.31234
13924	1.34590
13925	1.33718
13927	1.34555
13929	1.37658
13931	1.39499
13933	1.41422
13935	1.33281
13937	1.33375
13939	1.30216
13940	1.27795
13942	1.27260
13944	1.16126
13946	1.10828
13948	1.07322
13950	1.05115
13953	1.04290
13954	1.06081
13956	1.06279
13958	1.09394
13960	1.08510
13962	1.11246
13964	1.11940
13966	1.18754
13967	1.15155
13969	1.22339
13971	1.22942
13973	1.22286
13975	1.23925
13977	1.21812
13979	1.21725
13980	1.22374
13982	1.23975
13984	1.21491
13986	1.15898
13988	1.15101
13990	1.11501
13992	1.08595
13993	1.06904
13996	1.05025
13998	1.02805
14000	1.02820
14002	1.02625
14004	1.03321
14006	1.04811
14007	1.07319
14009	1.11640
14011	1.14141
14013	1.16094
14015	1.15565
14017	1.17245
14019	1.16366
14021	1.17996
14022	1.20137
14024	1.20733
14026	1.20916
14028	1.22672
14030	1.22901
14032	1.20117
14034	1.26323
14035	1.25361
14038	1.23070
14040	1.22198
14042	1.15291
14044	1.18218
14046	1.12679
14048	1.14529
14049	1.08312
14051	1.05140
14053	1.05736
14055	1.02421
14057	1.10994
14059	1.07961
14061	1.16980
14062	1.17451
14064	1.37416
14066	1.40832
14068	1.48216
14070	1.56383
14072	1.65210
14074	1.71600
14075	1.81908
14077	1.87874
14080	1.87880
14082	1.76741
14084	1.56079
14086	1.21222
14088	1.35529
14089	1.45477
14091	1.44902
14093	1.51759
14095	1.56251
14097	1.63982
14099	1.63511
14101	1.62367
14102	1.60994
14104	1.61120
14106	1.58365
14108	1.51230
14110	1.40123
14112	1.27828
14114	1.20956
14115	1.14476
14117	1.06927
14119	1.09976
14121	1.08939
14124	1.11990
14126	1.22622
14128	1.34713
14130	1.48501
14131	1.55127
14133	1.66934
14135	1.71824
14137	1.69764
14139	1.72402
14141	1.73464
14143	1.64075
14144	1.45638
14146	1.12816
14148	1.02910
14150	1.10716
14152	1.25353
14154	1.38237
14156	1.46147
14157	1.52438
14159	1.53459
14161	1.53572
14163	1.54345
14166	1.59660
14168	1.58360
14170	1.53599
14171	1.51462
14173	1.53208
14175	1.42309
14177	1.42308
14179	1.34539
14181	1.24578
14183	1.24141
14184	1.09894
14186	1.10990
14188	1.01213
14190	1.02892
14192	1.06421
14194	1.06060
14196	1.11971
14197	1.08976
14199	1.16009
14201	1.21170
14203	1.27622
14205	1.25509
14208	1.29742
14210	1.35643
14211	1.40944
14213	1.55900
14215	1.65688
14217	1.71343
14219	1.80574
14221	1.95462
14223	1.99277
14224	1.99462
14226	1.92829
14228	1.79563
14230	1.42495
14232	1.13396
14234	1.26936
14236	1.45811
14238	1.55029
14239	1.56972
14241	1.56366
14243	1.53196
14245	1.51310
14247	1.53033
14249	1.47965
14252	1.45129
14253	1.43715
14255	1.32916
14257	1.29921
14259	1.22110
14261	1.11949
14263	1.05846
14265	1.05118
14266	1.03015
14268	1.04751
14270	1.06638
14272	1.12030
14274	1.15107
14276	1.17865
14278	1.21562
14279	1.27857
14281	1.33536
14283	1.33629
14285	1.37559
14287	1.40659
14289	1.37110
14291	1.37771
14292	1.33744
14295	1.34411
14297	1.27527
14299	1.18505
14301	1.09002
14303	1.02893
14305	1.02427
14306	1.03023
14308	1.03228
14310	1.06649
14312	1.16094
14314	1.21572
14316	1.27279
14318	1.30318
14320	1.28876
14321	1.23003
14323	1.23352
14325	1.19417
14327	1.18636
14329	1.15655
14331	1.15841
14333	1.11444
14334	1.09881
14337	1.08724
14339	1.12540
14341	1.07323
14343	1.04378
14345	1.07743
14347	1.03796
14348	1.02785
14350	1.03107
14352	1.05074
14354	1.01979
14356	1.06065
14358	1.05514
14360	1.02489
14361	1.10735
14363	1.10618
14365	1.14709
14367	1.17134
14369	1.21400
14371	1.19826
14373	1.22358
14374	1.31625
14376	1.34444
14379	1.41901
14381	1.43733
14383	1.47977
14385	1.48817
14387	1.47254
14388	1.40921
14390	1.29713
14392	1.07076
14394	1.05283
14396	1.08411
14398	1.20135
14400	1.28024
14402	1.29347
14403	1.29067
14405	1.31604
14407	1.32197
14409	1.32096
14411	1.31563
14413	1.25589
14415	1.26812
14416	1.24648
14418	1.24265
14420	1.17971
14423	1.18878
14425	1.11996
14427	1.09754
14429	1.09257
14430	1.05018
14432	1.03776
14434	1.03621
14436	1.04175
14438	1.03058
14440	1.02331
14442	1.08246
14443	1.08367
14445	1.08532
14447	1.13176
14449	1.13696
14451	1.17454
14453	1.16609
14455	1.15686
14456	1.16308
14458	1.20454
14460	1.20657
14462	1.23037
14465	1.19103
14467	1.15343
14469	1.15588
14470	1.11958
14472	1.08034
14474	1.04713
14476	1.03476
14478	1.03263
14480	1.02769
14482	1.03205
14483	1.04858
14485	1.07904
14487	1.10758
14489	1.14001
14491	1.16923
14493	1.15148
14495	1.12023
14496	1.11676
14498	1.13087
14500	1.09514
14502	1.09780
14504	1.07873
14507	1.08090
14509	1.05515
14510	1.08380
14512	1.05441
14514	1.05414
14516	1.03645
14518	1.03779
14520	1.03498
14522	1.03707
14523	1.02883
14525	1.03112
14527	1.04757
14529	1.06958
14531	1.08934
14533	1.12584
14535	1.17461
14536	1.21119
14538	1.24198
14540	1.26589
14542	1.30410
14544	1.33078
14546	1.34017
14548	1.32690
14551	1.25836
14552	1.13884
14554	1.04715
14556	1.05751
14558	1.12291
14560	1.18713
14562	1.30934
14564	1.41348
14565	1.51184
14567	1.61635
14569	1.68737
14571	1.70435
14573	1.65875
14575	1.63727
14577	1.70401
14578	1.67791
14580	1.63581
14582	1.69387
14584	1.59472
14586	1.49666
14588	1.42421
14590	1.30874
14592	1.24820
14594	1.10977
14596	1.02925
14598	1.04809
14600	1.06675
14602	1.05221
14604	1.10048
14605	1.17744
14607	1.19853
14609	1.29559
14611	1.40798
14613	1.50173
14615	1.62345
14617	1.56273
14618	1.64966
14620	1.65809
14622	1.71926
14624	1.64730
14626	1.67715
14628	1.64168
14630	1.54895
14631	1.36670
14633	1.09007
14636	1.02414
14638	1.04038
14640	1.09328
14642	1.22096
14644	1.30175
14645	1.40199
14647	1.46411
14649	1.44246
14651	1.39494
14653	1.38196
14655	1.36275
14657	1.34711
14658	1.30217
14660	1.27058
14662	1.26200
14664	1.17278
14666	1.17287
14668	1.09394
14670	1.09825
14671	1.05183
14673	1.06902
14675	1.03904
14678	1.03796
14680	1.03680
14682	1.02999
14684	1.07495
14685	1.09970
14687	1.10793
14689	1.14418
14691	1.17044
14693	1.25024
14695	1.27587
14697	1.30430
14698	1.38700
14700	1.39533
14702	1.43282
14704	1.45305
14706	1.50507
14708	1.52656
14710	1.57407
14711	1.55280
14713	1.52324
14715	1.40027
14717	1.08024
14720	1.05402
14722	1.11470
14724	1.26347
14726	1.33211
14727	1.41457
14729	1.49967
14731	1.53549
14733	1.54506
14735	1.48816
14737	1.44761
14739	1.41006
14740	1.35770
14742	1.27715
14744	1.23320
14746	1.22859
14748	1.17155
14750	1.10732
14752	1.07186
14753	1.10769
14755	1.16392
14757	1.19563
14759	1.24072
14761	1.40085
14764	1.41294
14766	1.46938
14767	1.52764
14769	1.62953
14771	1.54330
14773	1.44359
14775	1.27059
14777	1.05485
14779	1.02586
14780	1.06616
14782	1.16603
14784	1.25047
14786	1.31524
14788	1.33667
14790	1.36282
14792	1.36256
14794	1.34986
14795	1.31684
14797	1.24409
14799	1.19485
14801	1.16452
14803	1.11845
14806	1.11122
14808	1.04210
14809	1.06770
14811	1.01339
14813	1.03174
14815	1.03803
14817	1.07370
14819	1.09778
14821	1.06996
14822	1.10279
14824	1.09972
14826	1.11785
14828	1.13829
14830	1.11983
14832	1.10280
14834	1.13063
14835	1.12889
14837	1.12196
14839	1.13332
14841	1.16339
14843	1.18213
14845	1.16675
14848	1.18734
14849	1.19336
14851	1.19370
14853	1.17922
14855	1.16926
14857	1.14187
14859	1.12466
14861	1.11621
14863	1.09415
14864	1.07937
14866	1.06102
14868	1.04183
14870	1.03623
14872	1.03110
14874	1.03684
14876	1.04015
14877	1.06836
14879	1.07787
14881	1.07895
14883	1.08047
14885	1.07710
14887	1.08259
14889	1.09392
14891	1.10780
14893	1.12801
14895	1.12830
14897	1.12533
14899	1.13738
14901	1.15368
14903	1.18978
14904	1.18159
14906	1.20676
14908	1.22271
14910	1.22741
14912	1.23538
14914	1.24177
14916	1.23738
14917	1.21710
14919	1.22568
14921	1.19669
14923	1.22050
14925	1.18948
14927	1.19416
14929	1.11407
14931	1.10528
14932	1.08194
14935	1.07727
14937	1.08096
14939	1.05062
14941	1.04545
14943	1.04219
14945	1.05165
14946	1.10114
14948	1.10154
14950	1.09592
14952	1.14515
14954	1.12366
14956	1.19462
14958	1.20952
14959	1.18544
14961	1.25413
14963	1.27333
14965	1.29632
14967	1.31342
14969	1.32639
14971	1.30845
14972	1.26360
14974	1.24902
14977	1.19565
14979	1.10503
14981	1.07362
14983	1.03712
14985	1.04970
14986	1.08087
14988	1.09721
14990	1.11872
14992	1.12286
14994	1.11767
14996	1.13046
14998	1.12907
15000	1.12495
15001	1.12592
15003	1.16622
15005	1.16935
15007	1.17856
15009	1.17172
15011	1.17709
15013	1.19382
15014	1.21915
15016	1.17290
15019	1.20057
15021	1.20245
15023	1.17856
15025	1.14891
15027	1.10962
15028	1.12083
15030	1.11235
15032	1.04522
15034	1.04521
15036	1.04978
15038	1.03006
15040	1.02583
15041	1.01805
15043	1.02870
15045	1.06257
15047	1.06893
15049	1.05722
15051	1.09229
15053	1.17408
15054	1.11069
15056	1.15180
15058	1.21316
15060	1.21972
15063	1.26822
15065	1.27052
15067	1.29751
15069	1.32269
15070	1.35120
15072	1.41263
15074	1.42892
15076	1.44053
15078	1.42133
15080	1.42974
15082	1.38783
15083	1.29797
15085	1.14809
15087	1.09224
15089	1.06538
15091	1.09937
15093	1.11943
15095	1.12274
15096	1.11171
15098	1.10730
15100	1.10533
15102	1.11225
15105	1.10563
15107	1.08298
15109	1.07677
15110	1.07167
15112	1.05563
15114	1.04078
15116	1.05427
15118	1.03734
15120	1.04277
15122	1.02832
15124	1.04689
15125	1.02691
15127	1.03376
15129	1.03088
15131	1.04352
15133	1.03810
15135	1.03391
15137	1.04771
15138	1.03810
15140	1.05750
15142	1.06454
15144	1.05882
15147	1.06873
15149	1.06324
15151	1.06210
15152	1.05738
15154	1.03806
15156	1.03304
15158	1.03332
15160	1.03523
15162	1.04676
15164	1.10352
15165	1.18257
15167	1.24764
15169	1.32096
15171	1.34387
15173	1.32103
15175	1.35956
15177	1.34805
15178	1.38040
15180	1.38331
15182	1.40191
15184	1.42124
15186	1.38669
15188	1.42368
15191	1.27723
15192	1.28171
15194	1.26941
15196	1.19117
15198	1.14301
15200	1.06158
15202	1.04046
15204	1.04837
15206	1.07451
15207	1.06184
15209	1.12057
15211	1.15376
15213	1.18711
15215	1.18265
15217	1.25054
15219	1.21582
15220	1.25381
15222	1.28498
15224	1.32097
15226	1.32545
15228	1.36615
15230	1.39222
15233	1.37742
15234	1.43419
15236	1.42373
15238	1.41768
15240	1.40337
15242	1.41433
15244	1.36975
15246	1.29066
15247	1.21085
15249	1.17264
15251	1.19801
15253	1.25768
15255	1.31974
15257	1.32810
15259	1.36160
15260	1.39602
15262	1.40664
15264	1.40621
15266	1.41462
15268	1.44064
15270	1.49778
15272	1.56408
15275	1.59262
15276	1.59728
15278	1.57621
15280	1.59246
15282	1.56938
15284	1.58492
15286	1.56522
15288	1.47529
15289	1.48868
15291	1.41332
15293	1.34965
15295	1.24303
15297	1.23241
15299	1.15553
15301	1.14361
15302	1.10337
15304	1.05502
15306	1.08364
15308	1.08667
15310	1.15955
15312	1.13177
15314	1.22942
15315	1.33274
15318	1.38357
15320	1.54569
15322	1.52185
15324	1.58525
15326	1.72062
15328	1.80286
15329	1.82557
15331	1.84290
15333	1.90703
15335	1.86296
15337	1.80644
15339	1.76775
15341	1.68537
15343	1.42606
15344	1.21305
15346	1.13777
15348	1.27455
15350	1.39121
15352	1.43788
15354	1.41181
15356	1.43124
15357	1.38391
15360	1.38412
15362	1.46890
15364	1.46704
15366	1.49666
15368	1.47519
15370	1.36777
15371	1.35290
15373	1.30347
15375	1.29434
15377	1.21177
15379	1.19284
15381	1.09815
15383	1.05795
15384	1.03685
15386	1.03825
15388	0.99924
15390	1.07023
15392	1.02183
15394	1.07797
15396	1.05160
15397	1.14676
15399	1.18897
15401	1.23487
15404	1.35853
15406	1.37114
15408	1.47866
15410	1.58928
15411	1.65188
15413	1.70478
15415	1.81425
15417	1.88265
15419	1.88154
15421	1.90525
15423	1.85477
15424	1.68262
15426	1.09013
15428	1.18669
15430	1.45513
15432	1.69198
15434	1.87030
15436	2.01336
15437	2.07299
15439	2.05250
15441	2.12565
15443	2.21796
15446	2.20662
15448	2.14731
15450	2.15915
15452	1.99352
15453	1.90007
15455	1.74772
15457	1.56908
15459	1.40900
15461	1.21851
15463	1.09620
15464	1.05120
15466	1.03002
15468	1.13388
15470	1.14619
15472	1.29821
15474	1.56745
15476	1.53527
15478	1.73343
15479	1.86513
15481	1.98825
15483	1.92474
15485	2.02024
15488	2.03200
15490	2.11757
15492	2.06803
15493	1.98167
15495	1.86091
15497	1.63244
15499	1.37846
15501	1.12521
15503	1.12221
15505	1.28194
15506	1.38088
15508	1.40859
15510	1.39704
15512	1.33666
15514	1.37499
15516	1.41837
15518	1.42117
15519	1.42923
15521	1.40204
15523	1.32826
15525	1.28668
15527	1.27789
15529	1.29467
15532	1.26104
15533	1.17477
15535	1.14462
15537	1.07945
15539	1.08654
15541	1.07881
15543	1.02112
15545	1.04494
15546	1.03630
15548	1.04025
15550	1.01902
15552	1.06673
15554	1.08819
15556	1.10322
15558	1.19637
15559	1.21783
15561	1.25755
15563	1.31844
15565	1.33622
15567	1.47703
15569	1.45067
15571	1.48082
15572	1.60095
15575	1.70820
15577	1.72112
15579	1.74352
15581	1.73196
15583	1.69575
15585	1.46091
15586	1.13650
15588	1.19297
15590	1.31671
15592	1.56104
15594	1.67649
15596	1.68398
15598	1.66742
15600	1.62251
15601	1.58920
15603	1.57317
15605	1.56331
15607	1.55764
15609	1.48528
15611	1.41647
15613	1.36472
15614	1.28377
15617	1.15545
15619	1.09598
15621	1.06398
15623	1.07787
15625	1.10614
15627	1.17861
15628	1.26904
15630	1.38971
15632	1.48869
15634	1.52698
15636	1.64558
15638	1.65536
15640	1.70410
15641	1.65399
15643	1.60570
15645	1.47808
15647	1.33967
15649	1.09548
15651	1.02046
15653	1.03252
15654	1.03676
15656	1.06891
15659	1.16935
15661	1.23206
15663	1.29568
15665	1.37983
15667	1.34541
15668	1.32534
15670	1.34269
15672	1.28285
15674	1.26833
15676	1.26795
15678	1.20948
15680	1.20463
15681	1.20097
15683	1.19077
15685	1.18367
15687	1.19548
15689	1.16523
15691	1.11323
15693	1.17849
15694	1.17378
15696	1.12095
15698	1.08429
15700	1.08875
15703	1.08583
15705	1.07190
15707	1.08050
15708	1.02742
15710	1.04275
15712	1.04358
15714	1.05058
15716	1.06929
15718	1.03742
15720	1.11899
15721	1.12423
15723	1.14259
15725	1.19450
15727	1.22378
15729	1.28215
15731	1.29582
15733	1.37516
15735	1.37576
15736	1.40831
15738	1.41301
15740	1.47093
15742	1.48600
15745	1.51697
15747	1.54441
15749	1.51543
15750	1.52567
15752	1.51126
15754	1.45663
15756	1.35061
15758	1.25641
15760	1.19914
15762	1.12600
15763	1.08583
15765	1.10272
15767	1.15457
15769	1.19291
15771	1.19078
15773	1.19013
15775	1.19649
15776	1.19300
15778	1.16343
15780	1.15872
15782	1.17986
15784	1.14925
15787	1.15041
15789	1.15267
15791	1.16674
15792	1.18328
15794	1.19608
15796	1.19795
15798	1.18970
15800	1.17896
15802	1.17108
15804	1.16186
15805	1.15999
15807	1.13169
15809	1.17437
15811	1.11915
15813	1.10816
15815	1.07856
15817	1.12793
15818	1.09784
15820	1.09169
15822	1.07549
15824	1.07833
15826	1.02852
15828	1.05991
15831	1.05642
15832	1.06009
15834	1.04356
15836	1.07123
15838	1.09640
15840	1.08459
15842	1.07220
15844	1.10010
15845	1.12340
15847	1.12928
15849	1.16312
15851	1.15336
15853	1.16345
15855	1.21859
15857	1.24264
15858	1.23581
15860	1.25863
15862	1.26365
15864	1.25821
15866	1.26761
15868	1.23844
15870	1.18777
15873	1.14596
15874	1.07450
15876	1.02655
15878	1.02879
15880	1.03101
15882	1.06744
15884	1.13578
15886	1.17737
15887	1.24374
15889	1.31409
15891	1.36161
15893	1.38879
15895	1.39520
15897	1.37418
15899	1.44894
15900	1.39222
15902	1.40525
15904	1.42770
15906	1.41372
15908	1.35855
15910	1.39050
15912	1.30325
15913	1.30273
15916	1.28766
15918	1.17872
15920	1.18802
15922	1.18465
15924	1.15334
15926	1.14833
15927	1.05238
15929	1.06929
15931	1.07899
15933	1.05160
15935	1.06384
15937	1.02274
15939	1.03741
15940	1.04253
15942	1.06254
15944	1.04465
15946	1.08918
15948	1.08057
15950	1.06086
15952	1.18021
15953	1.20914
15955	1.23455
15958	1.27657
15960	1.34380
15962	1.35023
15964	1.45791
15966	1.48096
15968	1.54734
15969	1.53412
15971	1.62287
15973	1.58984
15975	1.60857
15977	1.63693
15979	1.64372
15981	1.64640
15982	1.60451
15984	1.55530
15986	1.48272
15988	1.37964
15990	1.32316
15992	1.17400
15994	1.07274
15995	1.05468
15997	1.07463
16000	1.09117
16002	1.10145
16004	1.09028
16006	1.09012
16008	1.09589
16009	1.08568
16011	1.07147
16013	1.08486
16015	1.07441
16017	1.06700
16019	1.06607
16021	1.06217
16022	1.06991
16024	1.06991
16026	1.06239
16028	1.05193
16030	1.06156
16032	1.05184
16034	1.06735
16035	1.06423
16037	1.05837
16039	1.07731
16041	1.06380
16044	1.05766
16046	1.06433
16048	1.06482
16049	1.05674
16051	1.06639
16053	1.04736
16055	1.06905
16057	1.05210
16059	1.05691
16061	1.05857
16062	1.05526
16064	1.04656
16066	1.06398
16068	1.04221
16070	1.06016
16072	1.04057
16074	1.03970
16076	1.05730
16077	1.03342
16079	1.04166
16081	1.02269
16083	1.02602
16086	1.04859
16088	1.01934
16090	1.02487
16091	1.02915
16093	1.03062
16095	1.03405
16097	1.03458
16099	1.02387
16101	1.02605
16103	1.04266
16104	1.01881
16106	1.02884
16108	1.02922
16110	1.02150
16112	1.04004
16114	1.03360
16116	1.02862
16117	1.01319
16119	1.01954
16121	1.06175
16123	1.03051
16125	1.02758
16128	1.03999
16130	1.01480
16131	1.04159
16133	1.03924
16135	1.01709
16137	1.03678
16139	1.01695
16141	1.04366
16143	1.02603
16144	1.02987
16146	1.03784
16148	1.03282
16150	1.03190
16152	1.04144
16154	1.02357
16156	1.02443
16157	1.02309
16159	1.04511
16161	1.02688
16163	1.04472
16165	1.02737
16167	1.02846
16169	1.04187
16171	1.04051
16173	1.03477
16175	1.03375
16177	1.02321
16179	1.03522
16181	1.02871
16183	1.02573
16184	1.04784
16186	1.03696
16188	1.02164
16190	1.04105
16192	1.03899
16194	1.04830
16196	1.03684
16197	1.03796
16199	1.04383
16201	1.02944
16203	1.03742
16205	1.04357
16207	1.04889
16209	1.03937
16210	1.05191
16212	1.04774
16215	1.03934
16217	1.04506
16219	1.04005
16221	1.05096
16223	1.05481
16224	1.03299
16226	1.03702
16228	1.06420
16230	1.06658
16232	1.04749
16234	1.07529
16236	1.07180
16237	1.06404
16239	1.06636
16241	1.06533
16243	1.07918
16245	1.05293
16247	1.06061
16249	1.05528
16250	1.07358
16252	1.06366
16254	1.04819
16257	1.02213
16259	1.05920
16261	1.03042
16263	1.04869
16264	1.03892
16266	1.03595
16268	1.03475
16270	1.04916
16272	1.05394
16274	1.04645
16276	1.05808
16277	1.08409
16279	1.07144
16281	1.08192
16283	1.08629
16285	1.09111
16287	1.09468
16289	1.08024
16290	1.06033
16292	1.07738
16294	1.08147
16296	1.06380
16299	1.08407
16301	1.07815
16303	1.06916
16304	1.06085
16306	1.04471
16308	1.06029
16310	1.05438
16312	1.05703
16314	1.04871
16316	1.05164
16317	1.06032
16319	1.06510
16321	1.07608
16323	1.09032
16325	1.08405
16327	1.09668
16329	1.08462
16330	1.11172
16332	1.12315
16334	1.13236
16336	1.12539
16338	1.14319
16340	1.15820
16343	1.17348
16344	1.13043
16346	1.17765
16348	1.17917
16350	1.14413
16352	1.19054
16354	1.18242
16356	1.14807
16358	1.14270
16359	1.12192
16361	1.10871
16363	1.10892
16365	1.07646
16367	1.06014
16369	1.06780
16371	1.09043
16372	1.02302
16374	1.06559
16376	1.05962
16378	1.07200
16380	1.08184
16382	1.08461
16385	1.12523
16386	1.20763
16388	1.26050
16390	1.29650
16392	1.37220
16394	1.37278
16396	1.46815
16398	1.55361
16399	1.59151
16401	1.55696
16403	1.56332
16405	1.56136
16407	1.51796
16409	1.37449
16411	1.24226
16412	1.13662
16414	1.09306
16416	1.06576
16418	1.05969
16420	1.10059
16422	1.20868
16424	1.29911
16425	1.42615
16428	1.53826
16430	1.58294
16432	1.62357
16434	1.63514
16436	1.62479
16438	1.57023
16439	1.50337
16441	1.41868
16443	1.30004
16445	1.29255
16447	1.26853
16449	1.16373
16451	1.12569
16452	1.05735
16454	1.04509
16456	1.01555
16458	1.06595
16460	1.04253
16462	1.08746
16464	1.10701
16465	1.12212
16467	1.20200
16470	1.24044
16472	1.27801
16474	1.28341
16476	1.30578
16478	1.35992
16479	1.41953
16481	1.40000
16483	1.43372
16485	1.43859
16487	1.44035
16489	1.41088
16491	1.32464
16492	1.20903
16494	1.06297
16496	1.04646
16498	1.09221
16500	1.12571
16502	1.14324
16504	1.15093
16505	1.17042
16507	1.19754
16509	1.24404
16512	1.23843
16514	1.29881
16516	1.30019
16518	1.36896
16519	1.33703
16521	1.31360
16523	1.36756
16525	1.37446
16527	1.34668
16529	1.29117
16531	1.31250
16533	1.18828
16534	1.20664
16536	1.10732
16538	1.05205
16540	1.07595
16542	1.06091
16544	1.01917
16546	1.03794
16547	1.06087
16549	1.00738
16551	1.04817
16553	1.09631
16556	1.08830
16558	1.12897
16560	1.16988
16561	1.19169
16563	1.26114
16565	1.30108
16567	1.41963
16569	1.42868
16571	1.50622
16573	1.53843
16574	1.59676
16576	1.62027
16578	1.65818
16580	1.65243
16582	1.62275
16584	1.53881
16586	1.30233
16587	1.07121
16589	1.09724
16591	1.25213
16593	1.42290
16595	1.51302
16598	1.54937
16600	1.63530
16601	1.73525
16603	1.73781
16605	1.78083
16607	1.73463
16609	1.78420
16611	1.78744
16613	1.71103
16614	1.75707
16616	1.66322
16618	1.58760
16620	1.52109
16622	1.38448
16624	1.26281
16626	1.19370
16627	1.15138
16629	1.10526
16631	1.08313
16633	1.02772
16635	1.06217
16637	1.02426
16640	1.01300
16641	1.11860
16643	1.10629
16645	1.22709
16647	1.30612
16649	1.25311
16651	1.32109
16653	1.43477
16654	1.49227
16656	1.53413
16658	1.56545
16660	1.66159
16662	1.64864
16664	1.66320
16666	1.67764
16668	1.63706
16669	1.60610
16671	1.57855
16673	1.44553
16675	1.25426
16677	1.08571
16679	1.03060
16681	1.03505
16683	1.06945
16685	1.12631
16687	1.23143
16689	1.32070
16691	1.43129
16693	1.51760
16695	1.59414
16696	1.64456
16698	1.74928
16700	1.60275
16702	1.62950
16704	1.56203
16706	1.54179
16708	1.43783
16709	1.37930
16711	1.28238
16713	1.25490
16715	1.19113
16717	1.19456
16719	1.14740
16721	1.09892
16722	1.13741
16724	1.09795
16727	1.06626
16729	1.04111
16731	1.05892
16733	1.03540
16735	1.05926
16736	1.05409
16738	1.14993
16740	1.15469
16742	1.23761
16744	1.35733
16746	1.43576
16748	1.53718
16749	1.66750
16751	1.71831
16753	1.88433
16755	1.94872
16757	2.04296
16759	2.14374
16761	2.18491
16762	2.18209
16764	2.13140
16766	1.89374
16769	1.22602
16771	1.24088
16773	1.44815
16775	1.53058
16776	1.54007
16778	1.54790
16780	1.63683
16782	1.80405
16784	1.91085
16786	1.81635
16788	1.79586
16789	1.80187
16791	1.67650
16793	1.61005
16795	1.54235
16797	1.32740
16799	1.21383
16801	1.12696
16802	1.07816
16804	1.05681
16806	1.07498
16808	1.19730
16811	1.27632
16813	1.39574
16815	1.43467
16816	1.51272
16818	1.55855
16820	1.65517
16822	1.60100
16824	1.63504
16826	1.55033
16828	1.54766
16829	1.46319
16831	1.36457
16833	1.29792
16835	1.21412
16837	1.15098
16839	1.05238
16841	1.02222
16842	1.02634
16844	1.03181
16846	1.04634
16848	1.07112
16850	1.07978
16852	1.06270
16855	1.05161
16856	1.04439
16858	1.03883
16860	1.03709
16862	1.03535
16864	1.02801
16866	1.02782
16868	1.02887
16869	1.03175
16871	1.02746
16873	1.02581
16875	1.03327
16877	1.02368
16879	1.02239
16881	1.04227
16883	1.02723
16884	1.02735
16886	1.02612
16888	1.03296
16890	1.03160
16892	1.03094
16894	1.01926
16897	1.03124
16898	1.03367
16900	1.02381
16902	1.02725
16904	1.02301
16906	1.03070
16908	1.04039
16910	1.03021
16911	1.02914
16913	1.03857
16915	1.03591
16917	1.03070
16919	1.02602
16921	1.03490
16923	1.03806
16924	1.02799
16926	1.04131
16928	1.03203
16930	1.02774
16932	1.04116
16934	1.03167
16936	1.03401
16937	1.03238
16940	1.03985
16942	1.03575
16944	1.04085
16946	1.04906
16948	1.03792
16950	1.04633
16951	1.04051
16953	1.04374
16955	1.04533
16957	1.04303
16959	1.04757
16961	1.04749
16963	1.05003
16964	1.04333
16966	1.04095
16968	1.04621
16970	1.04304
16972	1.04208
16974	1.04160
16976	1.04392
16977	1.04363
16979	1.03128
16982	1.03992
16984	1.03735
16986	1.03293
16988	1.04139
16990	1.02951
16991	1.03569
16993	1.03093
16995	1.03642
16997	1.03371
16999	1.03218
17001	1.03213
17003	1.03478
17005	1.03465
17006	1.03137
17008	1.03415
17010	1.03429
17012	1.02536
17014	1.03028
17016	1.02777
17018	1.03733
17019	1.03183
17021	1.03129
17024	1.02657
17026	1.03734
17028	1.02903
17030	1.04006
17032	1.03299
17033	1.03451
17035	1.03331
17037	1.03463
17039	1.03632
17041	1.03184
17043	1.03045
17045	1.03051
17046	1.03058
17048	1.03674
17050	1.03384
17052	1.02563
17054	1.02670
17056	1.03682
17058	1.03039
17059	1.03347
17061	1.02805
17063	1.03343
17065	1.03685
17068	1.02958
17070	1.03153
17072	1.03809
17073	1.03153
17075	1.03299
17077	1.03116
17079	1.03563
17081	1.03553
17083	1.02955
17085	1.03087
17086	1.02628
17088	1.02984
17090	1.02688
17092	1.03381
17094	1.02920
17096	1.03063
17098	1.02841
17099	1.03894
17101	1.03239
17103	1.03351
17105	1.02747
17107	1.03184
17110	1.03686
17112	1.03079
17113	1.03316
17115	1.02704
17117	1.03916
17119	1.02709
17121	1.03602
17123	1.02202
17125	1.03210
17126	1.03371
17128	1.03561
17130	1.03404
17132	1.03909
17134	1.02875
17136	1.03009
17138	1.03401
17139	1.03673
17141	1.02892
17143	1.02746
17145	1.03536
17147	1.03207
17149	1.02505
17152	1.03117
17153	1.02711
17155	1.03190
17157	1.03275
17159	1.04021
17161	1.02986
17163	1.01978
17165	1.03709
17166	1.03155
17168	1.02821
17170	1.03496
17172	1.02692
17174	1.03572
17176	1.04798
17178	1.03031
17179	1.03833
17181	1.02852
17183	1.03621
17185	1.03458
17187	1.03580
17189	1.04449
17191	1.02825
17193	1.04028
17195	1.02670
17197	1.02778
17199	1.03655
17201	1.02496
17203	1.03540
17205	1.03018
17207	1.03742
17208	1.04265
17210	1.03227
17212	1.03751
17214	1.03541
17216	1.04354
17218	1.04172
17220	1.03997
17221	1.03515
17223	1.04747
17225	1.04585
17227	1.03650
17229	1.04546
17231	1.04179
17233	1.04478
17234	1.04157
17236	1.04308
17239	1.04758
17241	1.03474
17243	1.04126
17245	1.03568
17247	1.03741
17248	1.04456
17250	1.03914
17252	1.03779
17254	1.03676
17256	1.03199
17258	1.03071
17260	1.03415
17262	1.03939
17263	1.03796
17265	1.03464
17267	1.03782
17269	1.03785
17271	1.04937
17273	1.05576
17275	1.06009
17276	1.06933
17278	1.06752
17281	1.07254
17283	1.06829
17285	1.08659
17287	1.07925
17289	1.08356
17290	1.07699
17292	1.06929
17294	1.06953
17296	1.06199
17298	1.07865
17300	1.04934
17302	1.07135
17303	1.04991
17305	1.06756
17307	1.06180
17309	1.06274
17311	1.05470
17313	1.05098
17315	1.05672
17316	1.05235
17318	1.04916
17320	1.06042
17323	1.03470
17325	1.04038
17327	1.04283
17329	1.03449
17330	1.03605
17332	1.03486
17334	1.02142
17336	1.03569
17338	1.03503
17340	1.03244
17342	1.02828
17343	1.04089
17345	1.03239
17347	1.04788
17349	1.06502
17351	1.06785
17353	1.06805
17355	1.07538
17356	1.07552
17358	1.08423
17360	1.07604
17362	1.08715
17364	1.09814
17367	1.07408
17369	1.06893
17370	1.06777
17372	1.05733
17374	1.04538
17376	1.04187
17378	1.03951
17380	1.03075
17382	1.03456
17383	1.03618
17385	1.02921
17387	1.04158
17389	1.06973
17391	1.08522
17393	1.09699
17395	1.09859
17396	1.08765
17398	1.11583
17400	1.10182
17402	1.09259
17404	1.07106
17406	1.10419
17409	1.08844
17410	1.06317
17412	1.06253
17414	1.07310
17416	1.06747
17418	1.07574
17420	1.03362
17422	1.04481
17423	1.05484
17425	1.04902
17427	1.03965
17429	1.04608
17431	1.00930
17433	1.03220
17435	1.03979
17436	1.04502
17438	1.01908
17440	1.03631
17442	1.02872
17444	1.03136
17446	1.04334
17448	1.06883
17449	1.05942
17452	1.05496
17454	1.07340
17456	1.05122
17458	1.08114
17460	1.08515
17462	1.07770
17463	1.08334
17465	1.06040
17467	1.10197
17469	1.09791
17471	1.08448
17473	1.10089
17475	1.12156
17476	1.10258
17478	1.10379
17480	1.11668
17482	1.12025
17484	1.12509
17486	1.10085
17488	1.11570
17490	1.11967
17491	1.11116
17494	1.09715
17496	1.09153
17498	1.07013
17500	1.04486
17502	1.03684
17504	1.03314
17505	1.03580
17507	1.03869
17509	1.04213
17511	1.05208
17513	1.06366
17515	1.06779
17517	1.07121
17518	1.07295
17520	1.08421
17522	1.06980
17524	1.05768
17526	1.07081
17528	1.07568
17530	1.08540
17531	1.11215
17533	1.16160
17536	1.17626
17538	1.17907
17540	1.17723
17542	1.16643
17544	1.16001
17546	1.15313
17547	1.16691
17549	1.16645
17551	1.14028
17553	1.14093
17555	1.13826
17557	1.13122
17559	1.09806
17560	1.07998
17562	1.07575
17564	1.05110
17566	1.06668
17568	1.04480
17570	1.05295
17572	1.01181
17573	1.04241
17575	1.02015
17577	1.04133
17580	1.07560
17582	1.07479
17584	1.06914
17586	1.08602
17587	1.10891
17589	1.14211
17591	1.12126
17593	1.16997
17595	1.22844
17597	1.18732
17599	1.19811
17600	1.21413
17602	1.17944
17604	1.15896
17606	1.13893
17608	1.11061
17610	1.07913
17612	1.04474
17613	1.03576
17615	1.03860
17617	1.04222
17619	1.06579
17622	1.10170
17624	1.17209
17626	1.21659
17627	1.23648
17629	1.29624
17631	1.35479
17633	1.39752
17635	1.42871
17637	1.40550
17639	1.47658
17640	1.38595
17642	1.32298
17644	1.33831
17646	1.26085
17648	1.23843
17650	1.23452
17652	1.15671
17654	1.07273
17655	1.01500
17657	1.05732
17659	1.05176
17661	1.03282
17664	1.12512
17666	1.14582
17668	1.22224
17669	1.27284
17671	1.32791
17673	1.40508
17675	1.50720
17677	1.59994
17679	1.71498
17681	1.81277
17682	1.88162
17684	1.93326
17686	1.85105
17688	1.53737
17690	1.35472
17692	1.34209
17694	1.49947
17695	1.55490
17697	1.59494
17699	1.78922
17701	1.90681
17703	2.11356
17705	2.26502
17708	2.29128
17709	2.43446
17711	2.41078
17713	2.36665
17715	2.33734
17717	2.19080
17719	1.97098
17721	1.74349
17722	1.52997
17724	1.33924
17726	1.20564
17728	1.11333
17730	1.04530
17732	1.04708
17734	1.05125
17735	1.05089
17737	1.12469
17739	1.22115
17741	1.25292
17743	1.35273
17745	1.40710
17747	1.47227
17748	1.55201
17751	1.47088
17753	1.56930
17755	1.54618
17757	1.70470
17759	1.68514
17761	1.61572
17762	1.64730
17764	1.61381
17766	1.71412
17768	1.70867
17770	1.68154
17772	1.66478
17774	1.54172
17775	1.51130
17777	1.49267
17779	1.40148
17781	1.18476
17783	1.03000
17785	1.04497
17787	1.08084
17788	1.13626
17790	1.18374
17793	1.18794
17795	1.21999
17797	1.31410
17799	1.32741
17801	1.36094
17803	1.37642
17804	1.41135
17806	1.46745
17808	1.50254
17810	1.50840
17812	1.58312
17814	1.58580
17816	1.57865
17817	1.55138
17819	1.54846
17821	1.48206
17823	1.47553
17825	1.38529
17827	1.29768
17829	1.26549
17830	1.14153
17832	1.18833
17835	1.18549
17837	1.01175
17839	1.08295
17841	1.03227
17843	1.05663
17844	1.07451
17846	1.05767
17848	1.15229
17850	1.17311
17852	1.30757
17854	1.40831
17856	1.48647
17857	1.63149
17859	1.80616
17861	1.99308
17863	2.12448
17865	2.32349
17867	2.37338
17869	2.48027
17870	2.50980
17872	2.48739
17874	2.25357
17876	2.00930
17879	1.36235
17881	1.57337
17883	1.84926
17884	2.00357
17886	2.11939
17888	2.21785
17890	2.29684
17892	2.39429
17894	2.53657
17896	2.47353
17897	2.42935
17899	2.35403
17901	2.15195
17903	1.96685
17905	1.73174
17907	1.48850
17909	1.22208
17910	1.08212
17912	1.02591
17914	1.02138
17916	1.19085
17918	1.22204
17921	1.37822
17923	1.48107
17924	1.63147
17926	1.75070
17928	1.72669
17930	1.98373
17932	1.89201
17934	2.05080
17936	2.06187
17937	2.04397
17939	2.04640
17941	1.98710
17943	1.91063
17945	1.81417
17947	1.65432
17949	1.47788
17950	1.17667
17952	1.02135
17954	1.02118
17956	1.03592
17958	1.06181
17960	1.21259
17963	1.31082
17965	1.39409
17966	1.46958
17968	1.46934
17970	1.42494
17972	1.30600
17974	1.27758
17976	1.20582
17978	1.21542
17979	1.17267
17981	1.14063
17983	1.15316
17985	1.11895
17987	1.17213
17989	1.19457
17991	1.10505
17992	1.13972
17994	1.14610
17996	1.11619
17998	1.14018
18000	1.11293
18002	1.13397
18004	1.06274
18006	1.10992
18008	1.09324
18010	1.00236
18012	1.10494
18014	1.06236
18016	1.02447
18018	1.02864
18019	1.04671
18021	1.03008
18023	1.03900
18025	1.12354
18027	1.09480
18029	1.17568
18031	1.17706
18032	1.30603
18034	1.34882
18036	1.45268
18038	1.56986
18040	1.65013
18042	1.73337
18044	1.77084
18045	1.93657
18048	2.00721
18050	2.08080
18052	2.07111
18054	2.03190
18056	1.90912
18058	1.28952
18059	1.12037
18061	1.20403
18063	1.43012
18065	1.53371
18067	1.57365
18069	1.66140
18071	1.83336
18072	1.93366
18074	2.05375
18076	2.01274
18078	2.06556
18080	2.02007
18082	1.96029
18084	1.85013
18085	1.70958
18087	1.52904
18089	1.40529
18092	1.22193
18094	1.14520
18096	1.06280
18098	1.05057
18099	1.02979
18101	1.03122
18103	1.07941
18105	1.08232
18107	1.17400
18109	1.18164
18111	1.16117
18112	1.17316
18114	1.28301
18116	1.23252
18118	1.21943
18120	1.37012
18122	1.31037
18124	1.33245
18125	1.32964
18127	1.32944
18129	1.33713
18131	1.32136
18134	1.35856
18136	1.36606
18138	1.38425
18139	1.36107
18141	1.27997
18143	1.29373
18145	1.25209
18147	1.18909
18149	1.18721
18151	1.14784
18152	1.09225
18154	1.06015
18156	1.04571
18158	1.02825
18160	1.03845
18162	1.03622
18164	1.03532
18165	1.03631
18167	1.03988
18169	1.03349
18171	1.02799
18173	1.02518
18176	1.02723
18178	1.02476
18179	1.03531
18181	1.03531
18183	1.03148
18185	1.03366
18187	1.02973
18189	1.03023
18191	1.03194
18192	1.03163
18194	1.02917
18196	1.02835
18198	1.02985
18200	1.03157
18202	1.02813
18204	1.02366
18206	1.02712
18207	1.03170
18209	1.03022
18211	1.02636
18213	1.03025
18215	1.03892
18217	1.03364
18220	1.03368
18221	1.03085
18223	1.03069
18225	1.04083
18227	1.04068
18229	1.03443
18231	1.03276
18233	1.03898
18234	1.02152
18236	1.03089
18238	1.02750
18240	1.02424
18242	1.03433
18244	1.02377
18246	1.03725
18247	1.03579
18249	1.02727
18251	1.03897
18253	1.02785
18255	1.02765
18257	1.02849
18259	1.03290
18260	1.03909
18263	1.02904
18265	1.04047
18267	1.03343
18269	1.02833
18271	1.03959
18273	1.04675
18274	1.04517
18276	1.03935
18278	1.05062
18280	1.04030
18282	1.04016
18284	1.03707
18286	1.03301
18287	1.04599
18289	1.04134
18291	1.03917
18293	1.05049
18295	1.03062
18297	1.04841
18299	1.04053
18300	1.04470
18302	1.05143
18305	1.03892
18307	1.03502
18309	1.03644
18311	1.03322
18313	1.04375
18315	1.02535
18316	1.04100
18318	1.03994
18320	1.03933
18322	1.03925
18324	1.03668
18326	1.03699
18328	1.03686
18329	1.03508
18331	1.03316
18333	1.02886
18335	1.03737
18337	1.03457
18339	1.03167
18341	1.03534
18342	1.03160
18344	1.03383
18347	1.03031
18349	1.03857
18351	1.03320
18353	1.03554
18355	1.03073
18356	1.02961
18358	1.02211
18360	1.03520
18362	1.03766
18364	1.03058
18366	1.03562
18368	1.02999
18370	1.03206
18371	1.03572
18373	1.03906
18375	1.03567
18377	1.02952
18379	1.03556
18381	1.03613
18383	1.03381
18384	1.03024
18386	1.03113
18388	1.02987
18391	1.02819
18393	1.03231
18395	1.03407
18397	1.03434
18398	1.02794
18400	1.03774
18402	1.02537
18404	1.03500
18406	1.03032
18408	1.03126
18410	1.02550
18411	1.03499
18413	1.03487
18415	1.03100
18417	1.03148
18419	1.03610
18421	1.04273
18423	1.03413
18424	1.03455
18426	1.03691
18428	1.03506
18430	1.03381
18433	1.03235
18435	1.03468
18437	1.02842
18438	1.03058
18440	1.03258
18442	1.03606
18444	1.03264
18446	1.03561
18448	1.03996
18450	1.03954
18451	1.02882
18453	1.02846
18455	1.02996
18457	1.03045
18459	1.02588
18461	1.02890
18463	1.03414
18465	1.03423
18466	1.03462
18468	1.02952
18470	1.03529
18472	1.03268
18475	1.02914
18477	1.03201
18479	1.03597
18480	1.03222
18482	1.03693
18484	1.02273
18486	1.03332
18488	1.03328
18490	1.03175
18492	1.03198
18493	1.03107
18495	1.03011
18497	1.03542
18499	1.03549
18501	1.02802
18503	1.02764
18505	1.03657
18506	1.03528
18508	1.03133
18510	1.02968
18512	1.03205
18514	1.02941
18516	1.03508
18519	1.03011
18520	1.03261
18522	1.02947
18524	1.03560
18526	1.02978
18528	1.03816
18530	1.03495
18532	1.02682
18533	1.03314
18535	1.03138
18537	1.03174
18539	1.03198
18541	1.03398
18543	1.03024
18545	1.03322
18546	1.03548
18548	1.02740
18550	1.03402
18552	1.03106
18554	1.03251
18556	1.03245
18558	1.03516
18560	1.03778
18562	1.03709
18564	1.04204
18566	1.02872
18568	1.03197
18570	1.03684
18572	1.03917
18573	1.03609
18575	1.02835
18577	1.03151
18579	1.03275
18581	1.03364
18583	1.03830
18585	1.03409
